20111028,583.569274902344,588.947814941406,578.414916992188,587.154968261719
20111031,586.034484863281,587.827270507813,571.915832519531,579.983642578125
20111101,579.311279296875,591.861206054688,566.089111328125,586.482666015625
20111102,585.586242675781,591.188842773438,574.156921386719,578.190795898438
20111103,577.966674804688,590.29248046875,574.380981445313,585.810363769531
20111104,585.362121582031,589.396057128906,577.742553710938,587.827270507813
20111107,586.930847167969,588.499633789063,580.880065917969,585.586242675781
20111108,585.362121582031,595.222778320313,584.465698242188,592.085266113281
20111109,591.861206054688,597.015625,579.759521484375,588.051391601563
20111110,586.706787109375,593.429931640625,578.190795898438,578.638977050781
20111111,579.087219238281,583.12109375,568.330139160156,572.364074707031
20111114,571.915832519531,577.966674804688,564.968566894531,567.881958007813
20111115,567.881958007813,578.863098144531,565.864990234375,578.638977050781
20111116,577.518493652344,580.880065917969,570.795349121094,576.173828125
20111117,574.605102539063,575.277404785156,547.040222167969,550.849975585938
20111118,550.849975585938,553.315124511719,539.196533203125,547.040222167969
20111121,546.816101074219,547.936584472656,531.801086425781,535.8349609375
20111122,536.512268066406,539.393127441406,533.188110351563,536.955444335938
20111123,538.063537597656,538.949951171875,523.880615234375,527.869567871094
20111125,527.426330566406,532.523315429688,520.334899902344,522.994201660156
20111128,525.875061035156,534.517761230469,525.653503417969,530.528869628906
20111129,530.307250976563,542.938903808594,527.426330566406,536.73388671875
20111130,536.069030761719,546.041381835938,527.426330566406,538.949951171875
20111201,539.61474609375,542.938903808594,529.642395019531,533.188110351563
20111202,533.63134765625,536.955444335938,526.318298339844,527.64794921875
20111205,529.642395019531,534.296203613281,522.550964355469,523.880615234375
20111206,523.880615234375,529.19921875,514.1298828125,528.755981445313
20111207,528.755981445313,531.858520507813,521.442932128906,525.431884765625
20111208,524.54541015625,533.63134765625,518.56201171875,532.080078125
20111209,531.858520507813,534.739379882813,518.783630371094,526.761535644531
20111212,525.431884765625,529.420837402344,518.56201171875,526.539916992188
20111213,526.539916992188,533.188110351563,524.323852539063,526.983154296875
20111214,526.0966796875,530.085632324219,512.800231933594,514.794677734375
20111215,514.794677734375,517.675598144531,510.805755615234,513.243469238281
20111216,512.800231933594,520.778137207031,511.913787841797,516.789184570313
20111219,519.670043945313,535.404235839844,517.897216796875,532.744934082031
20111220,531.858520507813,539.393127441406,528.534362792969,538.063537597656
20111221,537.177062988281,548.70068359375,532.744934082031,546.484619140625
20111222,545.59814453125,554.019287109375,542.052429199219,547.371032714844
20111223,546.263000488281,551.138366699219,544.490112304688,549.143920898438
20111227,554.019287109375,564.434814453125,553.797668457031,561.332336425781
20111228,560.224304199219,572.855895996094,558.673034667969,569.531799316406
20111229,567.315734863281,572.412719726563,563.105163574219,565.542846679688
20111230,564.878051757813,574.850402832031,563.105163574219,573.077514648438
20120103,586.817199707031,588.811645507813,578.83935546875,583.714721679688
20120104,583.271484375,586.595581054688,579.282531738281,583.714721679688
20120105,583.271484375,584.82275390625,566.872497558594,570.418212890625
20120106,569.088562011719,575.73681640625,567.537353515625,570.418212890625
20120109,569.975036621094,587.70361328125,569.75341796875,577.952880859375
20120110,577.509704589844,582.828247070313,574.407165527344,577.952880859375
20120111,577.509704589844,581.055419921875,572.634338378906,577.509704589844
20120112,577.066467285156,584.601135253906,542.052429199219,542.052429199219
20120113,539.393127441406,544.933349609375,530.528869628906,531.415283203125
20120117,532.966552734375,542.274047851563,532.966552734375,535.404235839844
20120118,536.512268066406,537.620300292969,525.210266113281,526.0966796875
20120119,526.539916992188,538.063537597656,526.318298339844,537.177062988281
20120120,537.177062988281,544.046936035156,532.966552734375,542.052429199219
20120123,543.825317382813,550.695129394531,542.495666503906,549.587097167969
20120124,549.143920898438,563.77001953125,544.711730957031,558.673034667969
20120125,558.008178710938,565.542846679688,554.462463378906,562.440368652344
20120126,562.21875,572.412719726563,561.332336425781,562.440368652344
20120127,561.553955078125,569.310180664063,559.337829589844,568.867004394531
20120130,566.872497558594,569.75341796875,556.2353515625,560.002685546875
20120131,560.445861816406,569.088562011719,559.337829589844,566.429321289063
20120201,566.429321289063,576.180053710938,565.542846679688,569.088562011719
20120202,568.867004394531,573.520751953125,562.21875,569.975036621094
20120203,569.531799316406,573.077514648438,565.542846679688,571.3046875
20120206,568.2021484375,574.850402832031,566.65087890625,571.083068847656
20120207,569.975036621094,571.747863769531,566.65087890625,569.310180664063
20120208,569.088562011719,575.072021484375,560.224304199219,569.531799316406
20120209,568.867004394531,577.952880859375,560.889099121094,564.656433105469
20120210,564.213195800781,566.207702636719,556.900146484375,560.002685546875
20120213,562.440368652344,570.418212890625,560.889099121094,566.872497558594
20120214,566.429321289063,567.758972167969,559.781066894531,561.553955078125
20120215,561.553955078125,565.986083984375,554.240844726563,555.792114257813
20120216,555.792114257813,564.656433105469,551.138366699219,563.991638183594
20120217,563.326782226563,573.299133300781,563.105163574219,568.867004394531
20120221,570.196655273438,571.747863769531,554.240844726563,558.008178710938
20120222,559.147338867188,567.087890625,555.838806152344,565.764465332031
20120223,565.985046386719,570.396484375,560.470764160156,566.867309570313
20120224,565.543884277344,568.631896972656,562.014770507813,568.190734863281
20120227,565.764465332031,572.602172851563,561.573608398438,572.161010742188
20120228,570.175903320313,580.322143554688,569.955322265625,579.881042480469
20120229,578.778137207031,583.630737304688,576.351867675781,580.542724609375
20120301,578.778137207031,580.542724609375,573.925598144531,577.013610839844
20120302,576.351867675781,578.337036132813,570.837585449219,577.895874023438
20120305,577.013610839844,586.939270019531,575.469604492188,582.968994140625
20120306,581.424987792969,582.086730957031,573.043334960938,577.013610839844
20120307,576.572448730469,578.778137207031,562.455932617188,563.558776855469
20120308,562.897033691406,568.852478027344,557.382751464844,560.691345214844
20120309,560.250183105469,575.2490234375,557.382751464844,569.073059082031
20120312,568.411315917969,583.630737304688,566.205627441406,581.866149902344
20120313,580.322143554688,588.2626953125,578.778137207031,584.071838378906
20120314,582.968994140625,586.718688964844,577.234191894531,581.204467773438
20120315,581.204467773438,593.776977539063,580.542724609375,590.247863769531
20120316,589.365539550781,594.438720703125,587.380432128906,593.776977539063
20120319,593.776977539063,596.203247070313,584.071838378906,585.395263671875
20120320,585.174743652344,585.395263671875,567.529052734375,571.278747558594
20120321,571.058166503906,574.366760253906,565.985046386719,566.426208496094
20120322,567.749633789063,571.278747558594,561.794189453125,568.631896972656
20120323,569.51416015625,575.2490234375,566.646728515625,570.396484375
20120326,570.175903320313,578.778137207031,562.2353515625,562.676452636719
20120327,562.897033691406,568.631896972656,556.279907226563,556.50048828125
20120328,556.279907226563,560.029602050781,546.133666992188,547.236511230469
20120329,547.236511230469,550.103942871094,532.01708984375,532.8994140625
20120330,533.781677246094,568.190734863281,532.8994140625,568.190734863281
20120402,573.043334960938,581.866149902344,570.396484375,577.895874023438
20120403,577.013610839844,587.601013183594,575.2490234375,580.763305664063
20120404,583.189575195313,585.615844726563,574.146179199219,579.439880371094
20120405,579.660461425781,585.174743652344,577.67529296875,580.763305664063
20120409,578.778137207031,586.057006835938,572.161010742188,572.602172851563
20120410,573.043334960938,576.793029785156,559.80908203125,560.029602050781
20120411,561.573608398438,564.441040039063,556.50048828125,561.132507324219
20120412,562.014770507813,568.631896972656,561.573608398438,562.455932617188
20120413,564.66162109375,566.205627441406,550.765625,555.177062988281
20120416,552.971374511719,554.956481933594,547.898254394531,549.883361816406
20120417,549.662780761719,554.07421875,543.266235351563,544.148498535156
20120418,544.369079589844,545.471923828125,528.929138183594,530.914245605469
20120419,532.678833007813,549.662780761719,532.458251953125,547.898254394531
20120420,547.898254394531,554.515380859375,537.751953125,540.398803710938
20120423,540.927307128906,549.2216796875,538.013061523438,549.2216796875
20120424,549.2216796875,557.515991210938,542.496459960938,545.186584472656
20120425,544.289855957031,553.256774902344,538.685546875,538.909729003906
20120426,541.375610351563,546.531616210938,537.116333007813,544.738220214844
20120427,545.634887695313,564.46533203125,543.617370605469,560.878601074219
20120430,560.430236816406,569.397155761719,556.395141601563,568.724609375
20120501,566.707092285156,568.724609375,560.430236816406,564.017028808594
20120502,562.896179199219,564.017028808594,546.979919433594,548.324951171875
20120503,548.549133300781,553.032592773438,544.738220214844,551.015014648438
20120504,550.566711425781,561.326965332031,541.599792480469,556.170959472656
20120507,552.135864257813,557.067687988281,548.997497558594,555.946838378906
20120508,556.395141601563,566.931274414063,554.601806640625,558.636901855469
20120509,558.188537597656,558.636901855469,542.94482421875,544.514038085938
20120510,546.083251953125,548.997497558594,525.011047363281,526.804443359375
20120511,528.597839355469,531.287902832031,513.129943847656,520.975952148438
20120514,521.872680664063,526.131896972656,516.716674804688,522.769348144531
20120515,522.320983886719,535.995483398438,521.42431640625,535.547180175781
20120516,535.322998046875,556.619323730469,529.718688964844,555.946838378906
20120517,555.050109863281,561.775268554688,552.360046386719,560.430236816406
20120518,558.412719726563,572.535522460938,555.498474121094,569.845458984375
20120521,572.311401367188,577.915710449219,563.792846679688,567.603759765625
20120522,564.017028808594,569.172973632813,533.529602050781,535.322998046875
20120523,539.133911132813,547.876647949219,527.701110839844,541.151428222656
20120524,542.720642089844,546.083251953125,517.1650390625,518.734252929688
20120525,522.769348144531,528.597839355469,514.026611328125,518.734252929688
20120529,520.079284667969,523.441833496094,499.455444335938,504.387237548828
20120530,505.508087158203,509.543182373047,496.317047119141,501.697174072266
20120531,502.1455078125,505.732269287109,496.541198730469,497.88623046875
20120601,500.127960205078,519.630920410156,494.075317382813,494.523651123047
20120604,502.369689941406,510.6640625,500.127960205078,509.319030761719
20120605,509.319030761719,516.268371582031,502.593841552734,508.870666503906
20120606,510.439880371094,525.907775878906,510.215698242188,525.68359375
20120607,525.235229492188,539.358093261719,524.114379882813,532.632934570313
20120608,531.736206054688,542.94482421875,524.786865234375,536.219665527344
20120611,536.668029785156,541.375610351563,527.92529296875,530.839538574219
20120612,533.529602050781,537.116333007813,516.044189453125,523.666015625
20120613,522.096801757813,539.806396484375,516.044189453125,531.287902832031
20120614,530.839538574219,545.634887695313,530.615356445313,539.358093261719
20120615,538.013061523438,542.496459960938,519.40673828125,519.630920410156
20120618,524.338562011719,544.514038085938,516.716674804688,537.564697265625
20120619,540.478942871094,553.256774902344,538.237243652344,549.2216796875
20120620,547.428283691406,553.032592773438,542.496459960938,548.549133300781
20120621,546.979919433594,548.324951171875,525.907775878906,525.907775878906
20120622,528.741149902344,544.603393554688,526.097473144531,529.94287109375
20120625,543.882385253906,568.396728515625,543.882385253906,568.396728515625
20120626,573.924499511719,596.035522460938,569.838806152344,595.554809570313
20120627,594.11279296875,624.154907226563,588.3447265625,603.24560546875
20120628,602.764953613281,617.906127929688,596.275817871094,602.0439453125
20120629,601.803588867188,622.953247070313,591.709411621094,604.206970214844
20120702,617.665832519531,632.086059570313,615.983459472656,627.038940429688
20120703,639.296142578125,649.149963378906,631.845703125,647.9482421875
20120705,663.329833984375,686.402160644531,660.44580078125,681.355102539063
20120706,680.634094238281,680.634094238281,662.608825683594,668.376892089844
20120709,682.076110839844,706.830810546875,682.076110839844,703.706420898438
20120710,702.745056152344,705.629150390625,685.921508789063,690.728210449219
20120711,690.24755859375,720.04931640625,659.003784179688,676.788696289063
20120712,682.076110839844,709.955200195313,677.269348144531,702.985412597656
20120713,701.783752441406,719.088012695313,698.419006347656,711.877868652344
20120716,721.010681152344,750.091430664063,720.289672851563,746.726745605469
20120717,759.464599609375,765.713317871094,737.353576660156,749.370422363281
20120718,749.851135253906,766.194030761719,733.988891601563,764.271301269531
20120719,762.3486328125,785.180603027344,759.704895019531,776.528503417969
20120720,775.567138671875,796.716796875,768.597412109375,792.631103515625
20120723,791.189025878906,792.150390625,764.511657714844,782.536926269531
20120724,782.536926269531,783.978942871094,744.0830078125,759.464599609375
20120725,759.464599609375,774.605834960938,751.533447265625,763.790649414063
20120726,759.945251464844,768.597412109375,746.246032714844,751.052795410156
20120727,751.052795410156,770.039428710938,746.486389160156,767.636047363281
20120730,770.039428710938,791.189025878906,768.837707519531,788.304992675781
20120731,787.343688964844,793.111755371094,774.125122070313,775.326843261719
20120801,775.326843261719,786.38232421875,752.01416015625,769.558715820313
20120802,771.962097167969,777.24951171875,753.936828613281,763.309997558594
20120803,763.309997558594,785.901672363281,756.58056640625,778.691528320313
20120806,772.202453613281,776.528503417969,762.3486328125,771.962097167969
20120807,770.039428710938,776.0478515625,761.627624511719,765.232666015625
20120808,764.511657714844,780.6142578125,757.301574707031,779.412536621094
20120809,778.691528320313,794.073120117188,778.691528320313,786.622680664063
20120810,785.901672363281,811.137023925781,768.357055664063,769.078063964844
20120813,768.11669921875,773.404113769531,746.726745605469,752.494812011719
20120814,754.41748046875,759.945251464844,747.688049316406,749.610778808594
20120815,749.851135253906,765.473022460938,747.928405761719,763.309997558594
20120816,762.829284667969,770.039428710938,758.98388671875,766.9150390625
20120817,765.232666015625,773.404113769531,762.829284667969,767.636047363281
20120820,768.11669921875,785.901672363281,767.876403808594,783.738586425781
20120821,783.257934570313,800.321838378906,782.056274414063,799.120178222656
20120822,800.788269042969,802.700622558594,791.943725585938,798.158813476563
20120823,797.441711425781,801.983459472656,776.645080566406,779.035522460938
20120824,779.035522460938,786.923889160156,770.669067382813,773.059509277344
20120827,777.362243652344,782.14306640625,765.171142578125,765.649230957031
20120828,765.888244628906,769.473876953125,759.434143066406,760.629333496094
20120829,760.629333496094,779.274536132813,758.477966308594,777.84033203125
20120830,778.079345703125,781.664978027344,772.103332519531,773.059509277344
20120831,772.581420898438,774.254699707031,758.477966308594,764.693054199219
20120904,767.5615234375,779.274536132813,762.063598632813,769.712890625
20120905,769.473876953125,771.147155761719,754.892333984375,756.087585449219
20120906,757.760864257813,766.844421386719,753.458129882813,763.497863769531
20120907,762.541687011719,769.473876953125,757.521789550781,764.453979492188
20120910,763.2587890625,771.147155761719,746.764953613281,748.916320800781
20120911,749.155334472656,753.936218261719,741.267028808594,743.657409667969
20120912,743.657409667969,750.589599609375,725.968383789063,735.76904296875
20120913,736.247131347656,741.027954101563,730.749206542969,739.832763671875
20120914,739.832763671875,754.892333984375,738.637573242188,747.721130371094
20120917,746.52587890625,746.764953613281,714.255310058594,715.211486816406
20120918,715.450561523438,720.948486328125,706.606018066406,707.562194824219
20120919,707.801208496094,725.968383789063,707.084106445313,723.338928222656
20120920,721.904663085938,724.295043945313,706.606018066406,713.299194335938
20120921,712.821105957031,721.426574707031,711.864929199219,715.450561523438
20120924,714.016296386719,718.319030761719,703.9765625,712.103942871094
20120925,710.908752441406,716.40673828125,706.606018066406,711.147827148438
20120926,710.669738769531,712.103942871094,690.829284667969,692.980651855469
20120927,693.2197265625,694.893005371094,680.311462402344,684.853271484375
20120928,685.09228515625,723.099853515625,674.096374511719,723.099853515625
20121001,726.924499511719,734.812866210938,718.55810546875,723.577941894531
20121002,723.338928222656,726.685485839844,713.299194335938,725.01220703125
20121003,724.534118652344,730.032043457031,714.255310058594,723.577941894531
20121004,723.338928222656,733.856750488281,719.992309570313,723.817016601563
20121005,723.338928222656,725.01220703125,713.299194335938,715.211486816406
20121008,714.255310058594,715.211486816406,707.562194824219,709.474487304688
20121009,709.235473632813,715.689575195313,707.801208496094,709.474487304688
20121010,709.474487304688,710.908752441406,700.151916503906,704.454650878906
20121011,704.215576171875,741.984130859375,701.586120605469,739.354675292969
20121012,738.159484863281,738.876586914063,716.645751953125,719.753295898438
20121015,718.55810546875,718.55810546875,700.390930175781,704.932739257813
20121016,705.410827636719,712.58203125,702.781372070313,705.888916015625
20121017,705.649841308594,713.538208007813,703.9765625,712.821105957031
20121018,712.58203125,728.597839355469,711.864929199219,727.402587890625
20121019,727.402587890625,735.290954589844,725.01220703125,728.119750976563
20121022,727.641662597656,733.378662109375,725.490295410156,727.880676269531
20121023,727.641662597656,729.075866699219,716.645751953125,722.86083984375
20121024,722.86083984375,730.032043457031,718.55810546875,721.426574707031
20121025,720.470397949219,724.295043945313,708.279296875,709.474487304688
20121026,709.474487304688,712.103942871094,704.693664550781,705.410827636719
20121029,704.693664550781,713.299194335938,700.390930175781,704.693664550781
20121030,704.932739257813,711.147827148438,703.737548828125,709.235473632813
20121031,709.235473632813,724.534118652344,709.235473632813,722.621765136719
20121101,722.382751464844,729.793029785156,717.123840332031,718.080017089844
20121102,717.123840332031,718.55810546875,703.737548828125,707.084106445313
20121105,705.171752929688,712.343017578125,700.869018554688,703.259460449219
20121106,703.259460449219,708.996398925781,703.259460449219,708.518371582031
20121107,708.040283203125,718.797119140625,701.8251953125,711.625854492188
20121108,711.864929199219,715.211486816406,708.040283203125,708.757385253906
20121109,708.518371582031,721.904663085938,701.347106933594,706.367004394531
20121112,704.454650878906,710.908752441406,681.267639160156,686.526550292969
20121113,686.048461914063,693.936828613281,679.355285644531,691.785461425781
20121114,691.307373046875,697.283386230469,688.677917480469,693.936828613281
20121115,693.936828613281,695.849182128906,688.677917480469,689.634094238281
20121116,689.634094238281,697.761474609375,679.833374023438,695.132019042969
20121119,694.653930664063,708.757385253906,694.414916992188,706.367004394531
20121120,706.367004394531,714.494384765625,702.064208984375,710.669738769531
20121121,710.4306640625,714.255310058594,705.649841308594,708.518371582031
20121123,713.058776855469,715.911010742188,710.681884765625,712.821105957031
20121126,712.108032226563,719.713989257813,709.255798339844,714.247192382813
20121127,713.296447753906,726.606872558594,713.296447753906,726.369201660156
20121128,725.180786132813,729.696838378906,721.377807617188,726.369201660156
20121129,725.41845703125,729.221435546875,719.000915527344,721.377807617188
20121130,721.377807617188,721.377807617188,711.157287597656,715.67333984375
20121203,719.000915527344,726.369201660156,712.583374023438,717.574829101563
20121204,717.337158203125,719.713989257813,709.968872070313,714.960266113281
20121205,714.960266113281,721.853149414063,713.296447753906,720.427062988281
20121206,719.713989257813,721.615478515625,711.157287597656,714.48486328125
20121207,714.009521484375,715.67333984375,698.797607421875,700.936767578125
20121210,698.797607421875,699.986022949219,689.52783203125,694.043884277344
20121211,694.043884277344,698.559936523438,688.101745605469,692.142395019531
20121212,692.142395019531,695.707702636719,683.585693359375,689.765502929688
20121213,689.290161132813,692.142395019531,679.78271484375,684.774108886719
20121214,684.06103515625,695.707702636719,682.397277832031,694.756958007813
20121217,695.945373535156,698.559936523438,685.724853515625,688.339416503906
20121218,688.339416503906,690.003234863281,680.020385742188,684.536437988281
20121219,685.724853515625,687.388671875,666.947631835938,668.373779296875
20121220,669.324523925781,670.275268554688,653.63720703125,662.193908691406
20121221,662.669311523438,670.037536621094,662.431579589844,667.423034667969
20121224,668.373779296875,672.414428710938,665.996887207031,669.562194824219
20121226,670.275268554688,671.463684082031,658.153259277344,659.10400390625
20121227,659.10400390625,661.2431640625,655.301025390625,657.440185546875
20121228,657.677856445313,661.956237792969,654.825622558594,659.817077636719
20121231,659.817077636719,666.947631835938,655.301025390625,663.857727050781
20130102,671.463684082031,672.414428710938,653.874877929688,656.727111816406
20130103,656.727111816406,660.530090332031,651.260375976563,655.301025390625
20130104,654.112609863281,658.153259277344,646.03125,646.744323730469
20130107,646.981994628906,656.014099121094,644.605102539063,651.735717773438
20130108,651.735717773438,660.292419433594,650.071899414063,654.825622558594
20130109,654.112609863281,661.718566894531,652.686462402344,660.054748535156
20130110,660.530090332031,665.996887207031,660.292419433594,664.333068847656
20130111,664.095397949219,688.101745605469,652.448791503906,673.840515136719
20130114,678.59423828125,690.953979492188,677.881225585938,688.339416503906
20130115,687.864013671875,698.322204589844,686.437927246094,694.519226074219
20130116,694.043884277344,698.797607421875,688.814758300781,695.232299804688
20130117,695.232299804688,697.846862792969,686.913269042969,688.814758300781
20130118,688.814758300781,693.568481445313,687.388671875,691.6669921875
20130122,694.281555175781,698.559936523438,690.478576660156,692.617736816406
20130123,692.142395019531,694.519226074219,683.823364257813,685.24951171875
20130124,684.774108886719,690.240905761719,679.307312011719,688.577087402344
20130125,689.290161132813,691.6669921875,682.159545898438,685.24951171875
20130128,687.151000976563,693.806213378906,683.585693359375,693.330810546875
20130129,692.617736816406,696.420715332031,691.6669921875,693.568481445313
20130130,693.093139648438,704.502075195313,689.765502929688,703.789001464844
20130131,702.838256835938,707.829650878906,698.084533691406,704.026672363281
20130201,703.789001464844,709.493469238281,698.797607421875,699.748352050781
20130204,702.125183105469,705.215148925781,694.756958007813,698.084533691406
20130205,697.846862792969,698.797607421875,688.339416503906,693.093139648438
20130206,693.330810546875,693.568481445313,685.011779785156,686.913269042969
20130207,685.724853515625,686.675598144531,675.028991699219,675.742004394531
20130208,675.504333496094,685.24951171875,671.939025878906,674.078247070313
20130211,674.078247070313,678.59423828125,666.472290039063,667.660705566406
20130212,667.660705566406,668.611450195313,657.440185546875,661.956237792969
20130213,662.193908691406,666.472290039063,653.399536132813,661.2431640625
20130214,661.480834960938,664.808471679688,656.014099121094,660.530090332031
20130215,660.767822265625,668.611450195313,659.817077636719,664.333068847656
20130219,666.472290039063,668.611450195313,656.96484375,661.005493164063
20130220,662.431579589844,666.947631835938,659.10400390625,665.996887207031
20130221,665.521545410156,666.7099609375,656.014099121094,656.727111816406
20130222,657.93017578125,662.7255859375,655.532470703125,656.251770019531
20130225,656.251770019531,659.848327636719,652.894958496094,657.450622558594
20130226,657.210815429688,667.041442871094,654.573364257813,666.322143554688
20130227,665.602783203125,670.158447265625,662.96533203125,666.801635742188
20130228,666.561889648438,677.11181640625,665.123291015625,674.714111328125
20130301,674.714111328125,680.708374023438,670.638000488281,679.509521484375
20130304,678.550415039063,683.585571289063,666.801635742188,674.474304199219
20130305,674.234558105469,682.14697265625,673.755004882813,679.989013671875
20130306,679.989013671875,680.708374023438,659.848327636719,660.327880859375
20130307,660.567626953125,664.643737792969,654.093811035156,662.96533203125
20130308,662.7255859375,676.152709960938,661.526733398438,674.714111328125
20130311,674.234558105469,686.9423828125,673.755004882813,682.14697265625
20130312,680.948120117188,688.380981445313,679.749267578125,685.024230957031
20130313,684.544677734375,688.380981445313,671.836853027344,681.187866210938
20130314,681.667419433594,688.141235351563,679.269714355469,687.18212890625
20130315,686.70263671875,690.299194335938,683.106079101563,687.661682128906
20130318,686.223083496094,691.498046875,680.948120117188,690.538940429688
20130319,689.579833984375,698.930908203125,689.100341796875,698.691101074219
20130320,697.252502441406,703.007019042969,694.854797363281,702.527465820313
20130321,701.32861328125,704.445617675781,696.77294921875,703.007019042969
20130322,702.287658691406,703.007019042969,690.538940429688,696.533203125
20130325,695.813903808594,703.966064453125,691.9775390625,703.246765136719
20130326,701.568359375,702.767211914063,695.813903808594,700.369506835938
20130327,700.129760742188,707.562622070313,697.971801757813,705.164916992188
20130328,703.966064453125,706.1240234375,666.801635742188,666.801635742188
20130401,651.216552734375,651.216552734375,610.455627441406,615.970336914063
20130402,620.525939941406,626.999755859375,608.057922363281,614.291931152344
20130403,615.251037597656,620.525939941406,609.736267089844,615.251037597656
20130404,616.210083007813,617.648742675781,601.344299316406,604.221557617188
20130405,604.221557617188,609.736267089844,600.864807128906,603.262512207031
20130408,601.823852539063,609.496520996094,601.823852539063,607.578369140625
20130409,608.297668457031,619.56689453125,608.057922363281,617.888488769531
20130410,617.648742675781,639.467834472656,608.297668457031,622.444152832031
20130411,622.444152832031,634.4326171875,620.525939941406,624.60205078125
20130412,624.60205078125,632.754272460938,624.60205078125,631.555419921875
20130415,633.473571777344,633.953125,618.128234863281,620.286193847656
20130416,618.607788085938,636.830322265625,614.771484375,636.111022949219
20130417,635.631469726563,638.029174804688,629.637268066406,633.473571777344
20130418,632.034973144531,637.309875488281,616.689636230469,618.128234863281
20130419,618.847595214844,626.040710449219,616.449890136719,625.321350097656
20130422,625.535278320313,625.783630371094,614.112243652344,619.327087402344
20130423,620.817077636719,621.065368652344,609.145690917969,609.890686035156
20130424,609.890686035156,616.843811035156,605.91748046875,614.112243652344
20130425,613.863891601563,622.8037109375,613.367248535156,620.320434570313
20130426,619.823791503906,620.320434570313,613.863891601563,615.602233886719
20130429,620.817077636719,655.33447265625,620.817077636719,655.33447265625
20130430,655.582824707031,664.522583007813,643.414794921875,645.649780273438
20130501,642.669799804688,648.38134765625,635.220031738281,642.421508789063
20130502,641.676513671875,658.314392089844,640.683227539063,657.569458007813
20130503,656.079467773438,662.535949707031,653.347900390625,656.824462890625
20130506,646.146423339844,647.636352539063,629.011840820313,632.240112304688
20130507,634.226745605469,641.42822265625,629.508483886719,635.716674804688
20130508,634.723388671875,638.696594238281,622.307006835938,628.763549804688
20130509,628.763549804688,648.132995605469,624.790283203125,644.408142089844
20130510,642.918151855469,644.159790039063,620.817077636719,631.991760253906
20130513,628.266845703125,656.576110839844,628.266845703125,651.112915039063
20130514,650.616271972656,653.347900390625,642.173156738281,648.132995605469
20130515,647.636352539063,655.33447265625,640.683227539063,646.394714355469
20130516,645.898071289063,647.636352539063,635.965026855469,637.206665039063
20130517,637.454956054688,651.609619140625,633.978393554688,648.38134765625
20130520,647.636352539063,656.327819824219,638.448303222656,645.153076171875
20130521,640.434875488281,642.669799804688,628.266845703125,635.716674804688
20130522,635.965026855469,654.837829589844,633.481750488281,654.092834472656
20130523,653.59619140625,665.267578125,648.629699707031,657.569458007813
20130524,656.079467773438,660.301025390625,651.112915039063,652.851257324219
20130528,654.589538574219,665.267578125,650.616271972656,662.039306640625
20130529,661.542663574219,663.777587890625,647.139709472656,660.549377441406
20130530,659.307739257813,662.784301757813,645.153076171875,649.871337890625
20130531,649.622985839844,661.294311523438,647.884704589844,657.569458007813
20130603,656.824462890625,664.522583007813,639.441589355469,651.361267089844
20130604,651.112915039063,659.804382324219,643.663146972656,656.079467773438
20130605,656.327819824219,662.535949707031,654.092834472656,656.327819824219
20130606,655.582824707031,660.052734375,651.112915039063,658.811096191406
20130607,658.314392089844,669.489135742188,655.086181640625,661.791015625
20130610,656.824462890625,660.052734375,644.159790039063,645.649780273438
20130611,646.146423339844,656.824462890625,642.918151855469,655.086181640625
20130612,654.589538574219,657.569458007813,641.924865722656,646.394714355469
20130613,647.636352539063,648.629699707031,636.213317871094,639.193237304688
20130614,639.689880371094,653.59619140625,639.441589355469,650.616271972656
20130617,648.132995605469,667.502502441406,647.139709472656,664.025939941406
20130618,663.280944824219,672.717346191406,658.066101074219,668.744140625
20130619,667.502502441406,679.173889160156,660.797668457031,677.683898925781
20130620,675.200622558594,675.200622558594,663.032653808594,668.744140625
20130621,668.495849609375,669.240783691406,655.831176757813,657.321105957031
20130624,656.722839355469,657.283142089844,647.75732421875,648.877990722656
20130625,648.877990722656,654.201293945313,641.873718261719,646.076293945313
20130626,646.636596679688,651.119384765625,642.434020996094,643.274536132813
20130627,644.395263671875,644.675415039063,638.791809082031,641.313354492188
20130628,640.752990722656,643.554748535156,605.731506347656,613.296203613281
20130701,611.895324707031,611.895324707031,595.085021972656,595.645324707031
20130702,596.205688476563,599.847900390625,590.882446289063,597.326354980469
20130703,599.567749023438,604.330688476563,591.16259765625,596.48583984375
20130705,598.447082519531,604.050476074219,588.360900878906,589.201416015625
20130708,589.201416015625,600.688415527344,588.360900878906,597.606567382813
20130709,599.28759765625,621.701354980469,599.007385253906,618.339294433594
20130710,617.498779296875,625.343566894531,614.416870117188,620.580627441406
20130711,620.580627441406,631.50732421875,611.3349609375,628.425476074219
20130712,627.5849609375,628.425476074219,609.093627929688,611.3349609375
20130715,607.972900390625,609.373779296875,599.007385253906,600.968627929688
20130716,605.171203613281,616.097900390625,604.050476074219,611.054809570313
20130717,612.175476074219,615.257385253906,602.649658203125,603.490173339844
20130718,602.369445800781,607.972900390625,596.205688476563,606.291870117188
20130719,604.890991210938,611.3349609375,601.528930664063,609.653930664063
20130722,609.934143066406,610.774658203125,600.968627929688,606.01171875
20130723,604.330688476563,604.330688476563,584.4384765625,585.559143066406
20130724,585.559143066406,587.520385742188,569.029052734375,569.58935546875
20130725,569.869567871094,572.39111328125,551.658386230469,555.860961914063
20130726,555.020446777344,560.063537597656,549.136840820313,551.378173828125
20130729,551.378173828125,557.5419921875,547.175598144531,548.296325683594
20130730,548.856628417969,557.261779785156,548.576477050781,555.300598144531
20130731,555.300598144531,559.783325195313,552.498901367188,559.223022460938
20130801,559.223022460938,560.063537597656,545.214416503906,546.335083007813
20130802,546.335083007813,548.296325683594,532.606689453125,533.447204589844
20130805,530.085144042969,532.326538085938,521.679992675781,525.882568359375
20130806,525.602416992188,532.886840820313,521.679992675781,529.24462890625
20130807,528.964477539063,533.727355957031,523.641174316406,524.761901855469
20130808,524.481689453125,532.886840820313,524.481689453125,530.6455078125
20130809,530.085144042969,534.287719726563,519.998962402344,521.960144042969
20130812,521.679992675781,537.929931640625,512.154113769531,528.964477539063
20130813,528.964477539063,534.007568359375,508.511901855469,510.192932128906
20130814,510.192932128906,521.960144042969,509.912750244141,520.839477539063
20130815,521.11962890625,543.533386230469,520.279113769531,539.610961914063
20130816,539.050659179688,542.132507324219,525.042053222656,530.925659179688
20130819,541.572204589844,553.339416503906,535.96875,552.779052734375
20130820,552.218688964844,553.899719238281,540.731689453125,542.132507324219
20130821,541.852355957031,559.783325195313,540.171325683594,558.102294921875
20130822,566.918212890625,567.212280273438,546.041076660156,546.335083007813
20130823,546.335083007813,558.096862792969,545.158935546875,552.804077148438
20130826,564.565856933594,597.792907714844,563.389709472656,588.677551269531
20130827,587.79541015625,593.088195800781,570.44677734375,571.9169921875
20130828,571.622924804688,578.680053710938,563.389709472656,565.447998046875
20130829,566.624206542969,568.9765625,561.037353515625,566.330139160156
20130830,564.859924316406,569.270568847656,560.155212402344,566.918212890625
20130903,577.503845214844,580.738342285156,553.09814453125,558.97900390625
20130904,558.97900390625,558.97900390625,548.393432617188,552.216003417969
20130905,551.6279296875,551.921936035156,537.513732910156,542.218505859375
20130906,542.218505859375,551.6279296875,541.336364746094,550.745788574219
20130909,551.039794921875,553.980285644531,543.1005859375,545.158935546875
20130910,543.688720703125,552.216003417969,541.924438476563,551.6279296875
20130911,551.333862304688,556.920715332031,548.393432617188,555.744506835938
20130912,555.156433105469,556.03857421875,536.631652832031,548.393432617188
20130913,546.629150390625,547.805297851563,538.395874023438,539.866149902344
20130916,538.101867675781,543.394653320313,533.985229492188,536.925659179688
20130917,537.513732910156,551.039794921875,533.103088378906,533.985229492188
20130918,533.985229492188,537.513732910156,531.632873535156,536.631652832031
20130919,537.513732910156,544.864868164063,535.74951171875,540.454223632813
20130920,540.454223632813,541.042297363281,529.868591308594,530.456665039063
20130923,529.280517578125,535.161376953125,527.22216796875,533.103088378906
20130924,532.220947265625,537.513732910156,526.928161621094,527.810302734375
20130925,527.22216796875,537.2197265625,527.22216796875,534.867370605469
20130926,534.573303222656,538.395874023438,530.456665039063,537.2197265625
20130927,536.925659179688,539.866149902344,532.809020996094,533.985229492188
20130930,532.220947265625,543.394653320313,518.40087890625,519.282958984375
20131001,518.988952636719,523.105590820313,511.931884765625,516.342529296875
20131002,516.048522949219,518.694885253906,511.637817382813,516.342529296875
20131003,516.048522949219,521.929382324219,515.166381835938,516.636596679688
20131004,516.930603027344,521.929382324219,516.048522949219,521.34130859375
20131007,520.753234863281,528.692443847656,519.282958984375,528.398376464844
20131008,527.516235351563,528.986450195313,517.224670410156,519.577026367188
20131009,519.282958984375,525.751953125,518.106811523438,521.635375976563
20131010,521.047241210938,525.163879394531,513.402099609375,515.460388183594
20131011,513.402099609375,513.990173339844,508.697387695313,509.579498291016
20131014,508.991424560547,514.578247070313,508.109283447266,513.990173339844
20131015,513.402099609375,522.223449707031,512.814025878906,521.635375976563
20131016,521.047241210938,524.575805664063,516.342529296875,520.753234863281
20131017,519.87109375,525.163879394531,519.282958984375,521.047241210938
20131018,520.459167480469,526.634094238281,517.518737792969,519.282958984375
20131021,518.106811523438,522.8115234375,515.166381835938,522.223449707031
20131022,521.34130859375,522.8115234375,513.990173339844,515.460388183594
20131023,515.166381835938,524.869812011719,514.578247070313,520.753234863281
20131024,519.87109375,522.8115234375,515.754455566406,517.812744140625
20131025,517.518737792969,519.87109375,516.930603027344,517.518737792969
20131028,516.342529296875,517.518737792969,506.050964355469,506.639068603516
20131029,506.050964355469,510.461639404297,503.698608398438,508.109283447266
20131030,507.521209716797,511.637817382813,505.168853759766,506.050964355469
20131031,505.756927490234,513.108032226563,502.228393554688,503.698608398438
20131101,503.110534667969,505.462890625,500.758178710938,502.522430419922
20131104,501.346252441406,504.286712646484,500.170074462891,501.346252441406
20131105,500.464111328125,502.228393554688,498.699859619141,499.876037597656
20131106,499.287933349609,501.052215576172,494.877288818359,495.465362548828
20131107,495.171325683594,498.993896484375,492.818969726563,494.583221435547
20131108,493.407043457031,505.168853759766,488.702331542969,501.934356689453
20131111,502.522430419922,514.284240722656,502.522430419922,511.343780517578
20131112,510.755706787109,515.166381835938,506.050964355469,508.4033203125
20131113,508.109283447266,511.049743652344,504.286712646484,505.462890625
20131114,505.462890625,507.227142333984,500.464111328125,501.640319824219
20131115,501.052215576172,505.756927490234,495.759399414063,496.347503662109
20131118,495.759399414063,496.935577392578,483.997619628906,484.585723876953
20131119,484.291656494141,492.818969726563,483.115478515625,491.348754882813
20131120,491.0546875,492.818969726563,488.1142578125,490.466613769531
20131121,490.466613769531,498.699859619141,490.172546386719,497.523681640625
20131122,496.352294921875,500.112548828125,494.038299560547,496.641540527344
20131125,496.352294921875,500.980285644531,496.063049316406,498.955535888672
20131126,498.666290283203,499.244781494141,488.542541503906,491.43505859375
20131127,490.567291259766,497.220031738281,489.988800048828,493.459808349609
20131129,493.459808349609,494.038299560547,487.964050292969,491.145812988281
20131202,489.121063232422,491.724304199219,484.203826904297,491.145812988281
20131203,491.145812988281,500.112548828125,489.410308837891,498.955535888672
20131204,498.377044677734,508.500793457031,493.459808349609,505.02978515625
20131205,504.162048339844,506.476043701172,498.666290283203,501.558776855469
20131206,501.26953125,505.319030761719,497.509307861328,502.426544189453
20131209,501.848022460938,507.343780517578,500.401794433594,506.765289306641
20131210,505.608276367188,509.947021484375,498.377044677734,504.451293945313
20131211,504.451293945313,508.7900390625,502.426544189453,508.211517333984
20131212,507.343780517578,507.922271728516,495.195281982422,502.426544189453
20131213,501.558776855469,503.294281005859,491.724304199219,492.302795410156
20131216,492.592041015625,493.459808349609,486.517822265625,489.699554443359
20131217,489.410308837891,496.352294921875,488.253295898438,493.749053955078
20131218,492.881286621094,497.220031738281,489.410308837891,491.724304199219
20131219,491.724304199219,498.666290283203,490.856567382813,498.087799072266
20131220,497.220031738281,502.426544189453,494.616790771484,501.26953125
20131223,500.980285644531,504.451293945313,499.534027099609,502.426544189453
20131224,501.558776855469,504.162048339844,499.534027099609,502.715789794922
20131226,500.980285644531,500.980285644531,492.881286621094,493.170562744141
20131227,493.170562744141,496.352294921875,492.881286621094,494.616790771484
20131230,493.459808349609,493.749053955078,489.410308837891,489.988800048828
20131231,489.988800048828,489.988800048828,487.096313476563,488.253295898438
20140102,488.253295898438,494.327545166016,484.203826904297,486.517822265625
20140103,486.517822265625,490.567291259766,482.468322753906,489.988800048828
20140106,489.988800048828,495.195281982422,489.988800048828,494.906036376953
20140107,494.038299560547,497.509307861328,492.013549804688,492.881286621094
20140108,492.013549804688,494.906036376953,478.997314453125,482.468322753906
20140109,481.311309814453,482.179077148438,472.055328369141,476.683319091797
20140110,476.104827880859,500.980285644531,470.030578613281,500.691040039063
20140113,499.534027099609,503.872772216797,498.087799072266,502.715789794922
20140114,501.558776855469,502.137298583984,494.327545166016,499.244781494141
20140115,498.666290283203,499.244781494141,492.302795410156,492.592041015625
20140116,492.592041015625,497.509307861328,491.724304199219,495.195281982422
20140117,494.038299560547,495.195281982422,488.542541503906,490.567291259766
20140121,490.567291259766,492.592041015625,487.096313476563,491.724304199219
20140122,491.724304199219,496.352294921875,491.145812988281,493.170562744141
20140123,492.881286621094,498.955535888672,492.592041015625,496.352294921875
20140124,495.773803710938,497.798553466797,492.302795410156,496.930786132813
20140127,496.063049316406,500.691040039063,494.038299560547,499.534027099609
20140128,498.666290283203,501.848022460938,498.377044677734,499.823303222656
20140129,498.955535888672,499.534027099609,494.038299560547,494.616790771484
20140130,494.616790771484,502.715789794922,494.327545166016,501.558776855469
20140131,500.401794433594,503.005035400391,498.955535888672,502.137298583984
20140203,501.558776855469,507.633026123047,501.26953125,504.162048339844
20140204,503.872772216797,511.393280029297,502.715789794922,511.104034423828
20140205,510.236267089844,513.707275390625,507.922271728516,512.839538574219
20140206,511.971771240234,517.467529296875,510.525512695313,512.55029296875
20140207,511.971771240234,514.8642578125,509.657775878906,513.996520996094
20140210,512.261047363281,519.492248535156,509.079284667969,512.55029296875
20140211,512.261047363281,513.707275390625,505.897521972656,510.814788818359
20140212,509.947021484375,515.731994628906,508.211517333984,509.079284667969
20140213,508.7900390625,511.393280029297,507.922271728516,509.657775878906
20140214,509.368530273438,516.021240234375,506.765289306641,515.153503417969
20140218,514.8642578125,520.649230957031,514.285766601563,520.070739746094
20140219,518.913757324219,526.723510742188,518.62451171875,524.987976074219
20140220,524.409484863281,528.169738769531,521.806274414063,527.302001953125
20140221,527.012756347656,528.169738769531,520.938537597656,524.120239257813
20140224,522.099487304688,523.525939941406,515.822875976563,522.384765625
20140225,521.528869628906,526.949584960938,518.105224609375,526.378967285156
20140226,525.237731933594,530.658447265625,521.528869628906,526.093688964844
20140227,524.952453613281,528.946655273438,517.53466796875,518.675842285156
20140228,518.105224609375,530.658447265625,517.53466796875,528.946655273438
20140303,530.373168945313,550.914794921875,529.517272949219,536.93505859375
20140304,535.793884277344,553.482482910156,530.943786621094,552.626586914063
20140305,551.200073242188,556.906066894531,546.920593261719,550.058898925781
20140306,548.061767578125,562.04150390625,546.064697265625,560.329711914063
20140307,559.1884765625,573.453491210938,552.911865234375,558.047302246094
20140310,555.194274902344,556.620788574219,542.641052246094,545.779357910156
20140311,544.352905273438,553.482482910156,540.073364257813,551.485412597656
20140312,551.200073242188,558.047302246094,543.782287597656,557.476684570313
20140313,555.764892578125,562.897399902344,550.344177246094,553.482482910156
20140314,552.34130859375,558.047302246094,546.064697265625,554.623657226563
20140317,552.911865234375,556.335510253906,543.782287597656,546.63525390625
20140318,545.779357910156,555.764892578125,544.352905273438,554.908996582031
20140319,554.33837890625,561.185607910156,550.344177246094,556.620788574219
20140320,555.764892578125,556.335510253906,545.494079589844,546.064697265625
20140321,546.064697265625,548.917663574219,543.211669921875,546.63525390625
20140324,546.63525390625,560.329711914063,546.064697265625,559.1884765625
20140325,558.617919921875,559.1884765625,553.482482910156,555.194274902344
20140326,554.623657226563,556.620788574219,550.629455566406,552.911865234375
20140327,552.34130859375,562.326782226563,550.058898925781,561.470886230469
20140328,560.329711914063,566.320983886719,558.047302246094,561.470886230469
20140331,559.473815917969,574.880004882813,542.070495605469,572.882873535156
20140401,572.312316894531,584.865539550781,572.026977539063,579.159484863281
20140402,578.303588867188,579.159484863281,559.759094238281,565.750366210938
20140403,567.176879882813,571.74169921875,563.753295898438,570.600524902344
20140404,568.888671875,573.453491210938,562.326782226563,572.597595214844
20140407,570.885803222656,573.453491210938,564.323913574219,569.74462890625
20140408,568.888671875,579.44482421875,566.320983886719,578.588928222656
20140409,577.733032226563,592.283325195313,570.600524902344,573.168212890625
20140410,572.882873535156,574.024108886719,563.753295898438,572.026977539063
20140411,569.459289550781,576.591796875,567.747497558594,568.888671875
20140414,568.603393554688,578.588928222656,567.747497558594,574.024108886719
20140415,573.738830566406,578.303588867188,567.747497558594,574.880004882813
20140416,573.453491210938,576.306518554688,565.179809570313,567.747497558594
20140417,567.747497558594,572.026977539063,562.612121582031,564.609191894531
20140421,563.753295898438,563.753295898438,554.053100585938,557.476684570313
20140422,557.578002929688,570.83349609375,555.885803222656,566.320983886719
20140423,566.038940429688,575.346008300781,564.346740722656,574.781982421875
20140424,573.371826171875,579.294494628906,570.269470214844,572.24365234375
20140425,571.961669921875,582.960876464844,571.679626464844,578.448364257813
20140428,577.884338378906,584.935119628906,576.756164550781,579.576538085938
20140429,580.422607421875,588.883605957031,580.140563964844,588.319519042969
20140430,587.473449707031,588.319519042969,580.422607421875,585.499206542969
20140501,584.37109375,587.755432128906,569.141296386719,571.961669921875
20140502,571.961669921875,575.064025878906,561.526428222656,563.500671386719
20140505,562.936584472656,574.781982421875,561.244384765625,573.089782714844
20140506,572.24365234375,585.499206542969,566.320983886719,583.807006835938
20140507,582.396850585938,585.499206542969,575.628051757813,579.858520507813
20140508,579.576538085938,583.242919921875,573.089782714844,582.678894042969
20140509,581.550720214844,589.729675292969,570.551452636719,572.525695800781
20140512,569.987426757813,571.115539550781,562.37255859375,563.500671386719
20140513,562.936584472656,568.01318359375,561.244384765625,567.167114257813
20140514,566.320983886719,569.141296386719,558.706115722656,558.988159179688
20140515,558.988159179688,560.96240234375,543.476379394531,546.296691894531
20140516,546.578735351563,549.399047851563,541.7841796875,545.450622558594
20140519,543.476379394531,544.322448730469,537.271667480469,538.399780273438
20140520,538.9638671875,542.912292480469,533.605224609375,534.169311523438
20140521,534.169311523438,536.989624023438,533.041198730469,535.297424316406
20140522,535.297424316406,544.322448730469,533.041198730469,537.835754394531
20140523,538.681823730469,542.066223144531,536.425537109375,539.245910644531
20140527,535.297424316406,535.861511230469,529.374755859375,529.938842773438
20140528,529.938842773438,533.605224609375,526.272399902344,533.041198730469
20140529,533.041198730469,533.323181152344,527.118469238281,529.656799316406
20140530,529.938842773438,534.169311523438,524.580200195313,525.426330566406
20140602,524.580200195313,530.784912109375,519.221618652344,525.144287109375
20140603,522.60595703125,524.580200195313,514.427062988281,516.96533203125
20140604,517.247375488281,519.503601074219,512.452819824219,514.709045410156
20140605,515.55517578125,516.683288574219,505.966064453125,506.530120849609
20140606,506.530120849609,518.657531738281,504.273864746094,517.811401367188
20140609,515.55517578125,516.119262695313,502.581695556641,508.786407470703
20140610,508.222320556641,513.298889160156,501.735595703125,502.581695556641
20140611,502.581695556641,507.376220703125,495.530883789063,497.505096435547
20140612,496.941040039063,502.017608642578,495.812896728516,500.889495849609
20140613,500.889495849609,507.376220703125,500.607452392578,504.273864746094
20140616,501.171508789063,507.094207763672,496.658996582031,497.505096435547
20140617,497.223052978516,498.069152832031,491.300384521484,494.966796875
20140618,494.684783935547,500.607452392578,494.684783935547,498.069152832031
20140619,497.505096435547,508.504364013672,497.505096435547,508.222320556641
20140620,507.376220703125,511.888763427734,503.427764892578,511.324676513672
20140623,511.733917236328,517.445251464844,500.882415771484,501.453552246094
20140624,501.453552246094,502.024688720703,494.885528564453,498.883453369141
20140625,498.883453369141,498.883453369141,495.456665039063,497.7412109375
20140626,498.026763916016,504.880340576172,497.170074462891,501.453552246094
20140627,500.596862792969,505.451477050781,498.312316894531,505.165893554688
20140630,504.594787597656,504.594787597656,476.038208007813,478.322723388672
20140701,477.466033935547,478.037170410156,468.613494873047,475.181488037109
20140702,475.181488037109,475.752624511719,468.327911376953,470.898010253906
20140703,471.183563232422,472.89697265625,466.614532470703,467.756774902344
20140707,463.473297119141,463.758880615234,453.478485107422,457.476409912109
20140708,457.476409912109,459.475372314453,453.192932128906,454.906311035156
20140709,454.335205078125,454.620758056641,443.769256591797,446.910491943359
20140710,445.768218994141,450.337280273438,440.056915283203,441.199157714844
20140711,440.913604736328,443.769256591797,429.205413818359,432.061065673828
20140714,430.918792724609,437.201232910156,427.206451416016,435.773406982422
20140715,435.202270507813,435.487854003906,423.779663085938,427.206451416016
20140716,427.206451416016,441.199157714844,426.920867919922,432.061065673828
20140717,431.775482177734,442.912567138672,427.777587890625,433.488891601563
20140718,432.917755126953,435.487854003906,422.637390136719,424.065216064453
20140721,421.4951171875,421.4951171875,414.641540527344,415.783813476563
20140722,415.212677001953,419.210601806641,410.92919921875,411.500335693359
20140723,411.214752197266,415.212677001953,408.359100341797,414.070404052734
20140724,413.213714599609,421.4951171875,407.216827392578,412.928161621094
20140725,412.357025146484,415.212677001953,407.787963867188,414.641540527344
20140728,414.641540527344,421.780700683594,414.641540527344,420.067291259766
20140729,419.78173828125,420.923980712891,409.501373291016,412.928161621094
20140730,412.357025146484,416.069366455078,408.644653320313,413.213714599609
20140731,411.785888671875,412.928161621094,407.502410888672,407.787963867188
20140801,407.787963867188,409.786926269531,401.505523681641,402.647796630859
20140804,401.505523681641,412.642578125,401.505523681641,409.786926269531
20140805,408.930236816406,409.215789794922,403.218902587891,406.931274414063
20140806,406.360137939453,415.783813476563,406.074584960938,414.927124023438
20140807,413.499298095703,414.355987548828,406.360137939453,410.643615722656
20140808,409.786926269531,410.643615722656,401.219940185547,401.791076660156
20140811,400.934387207031,408.644653320313,400.363250732422,407.502410888672
20140812,406.074584960938,413.499298095703,397.222045898438,409.501373291016
20140813,408.930236816406,412.357025146484,404.932312011719,408.930236816406
20140814,408.644653320313,414.355987548828,405.503448486328,413.499298095703
20140815,412.357025146484,420.352874755859,411.785888671875,417.782775878906
20140818,417.497192382813,422.637390136719,410.92919921875,412.071441650391
20140819,411.214752197266,414.927124023438,407.216827392578,414.070404052734
20140820,412.928161621094,413.499298095703,406.931274414063,410.643615722656
20140821,409.786926269531,418.068328857422,408.930236816406,413.784851074219
20140822,413.563842773438,420.025787353516,413.563842773438,417.497192382813
20140825,415.249572753906,416.092437744141,410.754302978516,413.001953125
20140826,411.878143310547,413.844818115234,406.540008544922,410.192413330078
20140827,409.349548339844,410.754302978516,406.820953369141,410.192413330078
20140828,409.349548339844,415.811492919922,408.506683349609,414.968627929688
20140829,413.563842773438,414.687683105469,407.382873535156,409.911468505859
20140902,408.225738525391,413.001953125,407.101928710938,408.787628173828
20140903,407.663818359375,407.663818359375,394.739959716797,395.582824707031
20140904,395.582824707031,396.987579345703,386.311340332031,389.401824951172
20140905,389.682800292969,401.763793945313,389.682800292969,400.078063964844
20140908,398.392364501953,402.325714111328,389.120880126953,391.368499755859
20140909,391.368499755859,391.368499755859,385.468475341797,386.873260498047
20140910,386.59228515625,390.244689941406,385.468475341797,388.558959960938
20140911,388.278015136719,388.278015136719,377.320831298828,383.220855712891
20140912,383.220855712891,386.59228515625,379.006561279297,380.411315917969
20140915,378.7255859375,386.030395507813,377.320831298828,385.468475341797
20140916,384.906585693359,393.897094726563,380.692260742188,386.311340332031
20140917,385.749450683594,386.873260498047,381.254180908203,384.063720703125
20140918,383.220855712891,384.063720703125,379.849395751953,380.13037109375
20140919,379.849395751953,380.13037109375,372.544616699219,372.544616699219
20140922,371.982696533203,372.544616699219,367.206481933594,371.139831542969
20140923,370.296997070313,371.982696533203,364.958862304688,365.801727294922
20140924,365.801727294922,370.85888671875,364.958862304688,370.296997070313
20140925,370.016021728516,371.701751708984,365.520782470703,366.363616943359
20140926,366.363616943359,367.487457275391,362.711242675781,362.9921875
20140929,362.149322509766,366.925537109375,361.868377685547,366.082672119141
20140930,365.801727294922,366.644592285156,359.058837890625,360.463592529297
20141001,359.901702880859,363.554107666016,357.654052734375,361.025512695313
20141002,360.182647705078,363.273132324219,358.777893066406,362.711242675781
20141003,362.711242675781,366.082672119141,360.744567871094,363.273132324219
20141006,363.273132324219,373.949371337891,363.273132324219,373.668426513672
20141007,372.825561523438,384.625610351563,371.420806884766,382.658935546875
20141008,382.097045898438,386.030395507813,379.287506103516,385.749450683594
20141009,384.906585693359,391.087554931641,382.939910888672,387.435150146484
20141010,385.749450683594,391.649475097656,373.668426513672,375.354156494141
20141013,374.792236328125,390.525665283203,371.420806884766,388.839935302734
20141014,388.278015136719,401.763793945313,385.468475341797,401.201904296875
20141015,400.078063964844,402.606658935547,389.401824951172,390.525665283203
20141016,390.806610107422,396.706634521484,387.716125488281,395.86376953125
20141017,395.301849365234,399.797119140625,389.401824951172,391.087554931641
20141020,387.9970703125,392.211364746094,384.344665527344,391.368499755859
20141021,390.525665283203,403.168579101563,389.963745117188,400.078063964844
20141022,399.516174316406,405.697143554688,395.86376953125,396.706634521484
20141023,395.582824707031,404.854278564453,394.459014892578,404.292388916016
20141024,403.73046875,410.192413330078,395.86376953125,396.706634521484
20141027,395.301849365234,408.787628173828,391.649475097656,407.944793701172
20141028,407.382873535156,417.778167724609,405.978118896484,409.630493164063
20141029,409.349548339844,422.554382324219,407.382873535156,421.711517333984
20141030,421.149597167969,428.173431396484,417.497192382813,420.306732177734
20141031,418.901977539063,424.802001953125,413.563842773438,423.397247314453
20141103,420.86865234375,421.711517333984,416.373382568359,419.744842529297
20141104,418.621032714844,418.621032714844,409.068603515625,409.630493164063
20141105,409.068603515625,417.778167724609,403.449523925781,416.092437744141
20141106,415.249572753906,420.86865234375,411.878143310547,417.216247558594
20141107,415.811492919922,417.778167724609,409.349548339844,413.001953125
20141110,411.316223144531,425.644866943359,409.911468505859,414.968627929688
20141111,413.844818115234,420.86865234375,410.754302978516,420.025787353516
20141112,419.744842529297,432.668701171875,418.901977539063,424.521057128906
20141113,423.678192138672,437.163970947266,423.678192138672,434.073486328125
20141114,433.230621337891,434.916320800781,427.611541748047,429.016296386719
20141117,428.7353515625,431.825836181641,420.587707519531,424.240081787109
20141118,424.240081787109,425.644866943359,417.216247558594,418.059112548828
20141119,417.778167724609,418.059112548828,407.663818359375,408.225738525391
20141120,407.944793701172,421.149597167969,407.382873535156,419.4638671875
20141121,418.901977539063,428.7353515625,415.530517578125,418.901977539063
20141124,417.889556884766,418.975677490234,410.829681396484,413.001953125
20141125,412.730407714844,421.419464111328,411.644287109375,420.604888916016
20141126,420.333343505859,425.764007568359,419.790283203125,425.220947265625
20141128,423.591735839844,427.664733886719,415.71728515625,422.234069824219
20141201,419.247222900391,425.220947265625,415.988800048828,423.320220947266
20141202,422.505615234375,424.677886962891,413.545013427734,414.088073730469
20141203,414.359619140625,415.445739746094,409.743560791016,414.902679443359
20141204,414.631134033203,424.134796142578,413.001953125,423.320220947266
20141205,422.234069824219,430.108551025391,419.247222900391,429.022399902344
20141208,427.936279296875,434.181518554688,423.048675537109,423.86328125
20141209,423.048675537109,430.108551025391,420.876403808594,429.2939453125
20141210,428.207794189453,432.552337646484,422.777130126953,427.664733886719
20141211,427.664733886719,435.539184570313,426.035552978516,432.823852539063
20141212,431.466217041016,445.314392089844,431.466217041016,442.599060058594
20141215,442.599060058594,448.029724121094,439.883728027344,443.685180664063
20141216,442.87060546875,446.943603515625,438.797607421875,440.969848632813
20141217,440.698333740234,445.314392089844,438.254516601563,443.413665771484
20141218,443.142120361328,449.658935546875,442.055999755859,446.400512695313
20141219,446.128997802734,446.672058105469,439.883728027344,445.857452392578
20141222,445.042846679688,449.930450439453,443.685180664063,447.215118408203
20141223,446.400512695313,451.559661865234,445.857452392578,449.658935546875
20141224,449.115844726563,450.745056152344,440.698333740234,442.87060546875
20141226,445.5859375,450.745056152344,440.698333740234,450.473510742188
20141229,449.658935546875,452.917327880859,446.128997802734,448.30126953125
20141230,447.215118408203,448.30126953125,440.969848632813,441.512939453125
20141231,440.969848632813,441.512939453125,430.108551025391,431.194671630859
20150102,430.380065917969,432.823852539063,425.220947265625,429.837005615234
20150105,429.837005615234,441.784454345703,428.479339599609,440.969848632813
20150106,440.426788330078,444.771331787109,436.896850585938,439.883728027344
20150107,439.612182617188,442.327514648438,429.837005615234,430.380065917969
20150108,430.651611328125,433.095397949219,426.57861328125,428.207794189453
20150109,428.750885009766,436.082275390625,426.850128173828,434.724609375
20150112,433.366943359375,442.055999755859,423.591735839844,436.625335693359
20150113,436.625335693359,441.512939453125,417.618011474609,418.975677490234
20150114,419.247222900391,419.518737792969,408.385894775391,413.816558837891
20150115,415.71728515625,421.419464111328,408.385894775391,412.730407714844
20150116,413.273468017578,421.419464111328,412.187347412109,420.333343505859
20150120,418.4326171875,424.677886962891,415.174224853516,423.86328125
20150121,423.591735839844,426.307067871094,419.518737792969,421.419464111328
20150122,421.14794921875,424.134796142578,415.445739746094,416.803405761719
20150123,417.074951171875,421.962554931641,414.902679443359,420.061798095703
20150126,418.975677490234,421.691009521484,415.174224853516,417.074951171875
20150127,416.531890869141,419.247222900391,412.730407714844,414.088073730469
20150128,413.545013427734,414.359619140625,405.127471923828,405.399017333984
20150129,405.670562744141,405.670562744141,399.696807861328,403.498291015625
20150130,404.85595703125,405.127471923828,397.253021240234,401.869079589844
20150202,401.597564697266,411.101226806641,399.153747558594,401.597564697266
20150203,401.869079589844,421.962554931641,401.869079589844,418.975677490234
20150204,418.161071777344,421.691009521484,412.187347412109,416.531890869141
20150205,415.445739746094,420.876403808594,414.359619140625,418.4326171875
20150206,418.161071777344,423.048675537109,412.730407714844,418.975677490234
20150209,418.4326171875,425.492462158203,416.531890869141,424.949401855469
20150210,424.406341552734,425.220947265625,417.618011474609,421.419464111328
20150211,421.419464111328,423.320220947266,417.074951171875,418.975677490234
20150212,418.4326171875,421.14794921875,414.088073730469,415.988800048828
20150213,415.988800048828,421.962554931641,415.174224853516,420.604888916016
20150217,420.333343505859,424.677886962891,418.161071777344,423.048675537109
20150218,422.505615234375,424.134796142578,415.988800048828,416.803405761719
20150219,416.803405761719,424.949401855469,415.174224853516,423.320220947266
20150220,422.505615234375,423.048675537109,416.531890869141,418.4326171875
20150223,418.020660400391,419.084320068359,410.043151855469,411.372741699219
20150224,411.638671875,420.147979736328,409.777252197266,410.043151855469
20150225,410.043151855469,412.170501708984,403.661163330078,408.181762695313
20150226,408.447662353516,415.361480712891,407.384002685547,413.234161376953
20150227,412.170501708984,421.477569580078,410.043151855469,418.286560058594
20150302,417.222900390625,420.147979736328,411.106842041016,412.702331542969
20150303,413.234161376953,416.691070556641,408.9794921875,415.893341064453
20150304,415.361480712891,416.957000732422,410.840911865234,414.297821044922
20150305,413.765991210938,418.020660400391,412.436401367188,415.361480712891
20150306,413.765991210938,414.563751220703,407.64990234375,410.575012207031
20150309,410.575012207031,416.425170898438,410.30908203125,413.500091552734
20150310,412.702331542969,416.159240722656,407.64990234375,412.702331542969
20150311,412.170501708984,418.818420410156,411.106842041016,415.893341064453
20150312,415.361480712891,416.957000732422,410.840911865234,413.234161376953
20150313,413.234161376953,414.563751220703,404.458923339844,404.724822998047
20150316,404.990753173828,406.586242675781,399.406494140625,403.129333496094
20150317,403.129333496094,403.927093505859,393.556335449219,394.620025634766
20150318,395.15185546875,399.140594482422,390.365356445313,398.608764648438
20150319,401.533843994141,404.724822998047,394.088165283203,397.279174804688
20150320,397.279174804688,412.170501708984,396.481414794922,409.511322021484
20150323,409.511322021484,416.691070556641,409.511322021484,415.095581054688
20150324,414.031921386719,418.818420410156,413.234161376953,418.286560058594
20150325,417.754730224609,420.945739746094,416.425170898438,420.147979736328
20150326,419.084320068359,422.275329589844,414.031921386719,416.159240722656
20150327,415.893341064453,418.552490234375,414.031921386719,415.893341064453
20150330,416.425170898438,420.147979736328,414.829650878906,419.616149902344
20150331,419.084320068359,423.870819091797,399.140594482422,400.204254150391
20150401,401.002014160156,406.586242675781,397.811004638672,406.054412841797
20150402,406.054412841797,413.234161376953,402.331573486328,411.106842041016
20150406,410.840911865234,414.829650878906,407.915832519531,409.511322021484
20150407,409.511322021484,411.904571533203,406.320343017578,407.384002685547
20150408,407.64990234375,409.511322021484,400.736083984375,403.395263671875
20150409,403.129333496094,404.192993164063,398.874664306641,402.065673828125
20150410,402.331573486328,403.661163330078,398.076934814453,401.002014160156
20150413,398.874664306641,399.938354492188,393.822265625,394.088165283203
20150414,394.620025634766,398.608764648438,393.556335449219,397.279174804688
20150415,396.481414794922,403.129333496094,394.088165283203,399.938354492188
20150416,399.672424316406,401.799743652344,396.747344970703,400.204254150391
20150417,400.204254150391,404.990753173828,398.874664306641,403.927093505859
20150420,403.661163330078,406.054412841797,399.672424316406,402.065673828125
20150421,401.002014160156,401.002014160156,394.885925292969,396.747344970703
20150422,396.215515136719,397.781585693359,392.561340332031,396.215515136719
20150423,396.476531982422,401.435729980469,393.083374023438,393.344390869141
20150424,393.605407714844,393.866394042969,384.730987548828,386.036071777344
20150427,384.992004394531,386.036071777344,380.293792724609,380.815826416016
20150428,380.293792724609,383.425933837891,378.466735839844,380.554809570313
20150429,380.815826416016,384.730987548828,379.249755859375,383.947967529297
20150430,384.208984375,386.297058105469,380.032806396484,382.381896972656
20150501,382.120880126953,382.642913818359,376.6396484375,378.988739013672
20150504,377.944702148438,379.510772705078,375.856597900391,377.161682128906
20150505,375.856597900391,378.988739013672,371.419403076172,378.727722167969
20150506,378.988739013672,385.775054931641,378.727722167969,382.903930664063
20150507,382.642913818359,382.903930664063,376.378631591797,377.422668457031
20150508,376.900665283203,380.554809570313,375.334594726563,378.988739013672
20150511,378.727722167969,380.554809570313,374.812561035156,376.378631591797
20150512,375.334594726563,381.85986328125,372.985473632813,376.900665283203
20150513,376.117614746094,379.771789550781,372.985473632813,378.205718994141
20150514,377.683685302734,384.730987548828,377.161682128906,384.208984375
20150515,383.947967529297,387.863128662109,377.944702148438,381.598876953125
20150518,381.337860107422,387.602142333984,380.032806396484,384.208984375
20150519,383.425933837891,384.730987548828,376.117614746094,377.944702148438
20150520,378.205718994141,378.466735839844,374.29052734375,375.856597900391
20150521,375.856597900391,382.642913818359,375.595611572266,381.076843261719
20150522,380.032806396484,383.947967529297,375.334594726563,375.856597900391
20150526,376.900665283203,378.466735839844,369.592346191406,370.636383056641
20150527,370.636383056641,372.202453613281,364.111083984375,364.894134521484
20150528,364.894134521484,370.636383056641,363.589080810547,369.0703125
20150529,368.809295654297,372.724456787109,365.416137695313,366.982208251953
20150601,365.938171386719,369.853332519531,363.589080810547,367.765258789063
20150602,367.504241943359,375.334594726563,367.243225097656,374.812561035156
20150603,374.812561035156,380.032806396484,372.724456787109,374.812561035156
20150604,374.29052734375,380.554809570313,372.202453613281,379.510772705078
20150605,378.727722167969,383.425933837891,375.595611572266,376.378631591797
20150608,376.378631591797,382.381896972656,376.378631591797,381.337860107422
20150609,380.815826416016,384.730987548828,378.466735839844,381.076843261719
20150610,380.815826416016,382.642913818359,372.463470458984,372.985473632813
20150611,373.246490478516,375.856597900391,370.114349365234,372.202453613281
20150612,371.680419921875,372.463470458984,367.765258789063,368.548278808594
20150615,368.548278808594,368.809295654297,362.023010253906,363.589080810547
20150616,364.372100830078,369.853332519531,362.806030273438,369.592346191406
20150617,369.331329345703,377.161682128906,369.331329345703,375.073577880859
20150618,374.812561035156,377.161682128906,371.680419921875,373.768524169922
20150619,373.507507324219,373.768524169922,367.243225097656,368.809295654297
20150622,369.407470703125,376.372528076172,366.827789306641,375.856597900391
20150623,376.630523681641,385.143402099609,376.630523681641,383.853546142578
20150624,383.337615966797,387.981018066406,379.984069824219,383.337615966797
20150625,382.821685791016,395.462036132813,380.242034912109,394.946105957031
20150626,394.43017578125,409.650177001953,394.172210693359,405.006774902344
20150629,402.943054199219,412.229827880859,402.943054199219,404.490844726563
20150630,403.974914550781,435.44677734375,402.943054199219,435.44677734375
20150701,433.383056640625,440.090179443359,425.128143310547,435.962707519531
20150702,435.44677734375,444.4755859375,431.835266113281,442.153900146484
20150706,440.606109619141,441.637969970703,430.287445068359,440.090179443359
20150707,433.641021728516,438.026428222656,428.223724365234,436.736602783203
20150708,435.962707519531,442.669830322266,431.835266113281,438.026428222656
20150709,438.026428222656,446.797302246094,437.510498046875,442.411865234375
20150710,441.637969970703,453.246429443359,437.768463134766,448.603057861328
20150713,448.603057861328,456.084075927734,444.733551025391,454.794250488281
20150714,454.020324707031,457.373901367188,440.864074707031,441.895935058594
20150715,440.606109619141,445.507446289063,434.414916992188,443.185760498047
20150716,443.959655761719,452.730499267578,441.895935058594,443.701690673828
20150717,441.637969970703,443.185760498047,431.577301025391,433.641021728516
20150720,431.835266113281,431.835266113281,417.38916015625,417.905090332031
20150721,419.452880859375,423.322387695313,415.325408935547,419.452880859375
20150722,420.226776123047,420.484741210938,412.48779296875,415.583404541016
20150723,416.357299804688,418.163055419922,411.197967529297,416.099334716797
20150724,416.099334716797,416.357299804688,404.490844726563,405.006774902344
20150727,401.395263671875,401.653228759766,384.369476318359,384.885437011719
20150728,385.4013671875,387.981018066406,381.789825439453,386.949157714844
20150729,389.52880859375,389.786773681641,378.694244384766,379.468139648438
20150730,379.468139648438,386.433227539063,377.404418945313,385.143402099609
20150731,386.691192626953,389.52880859375,381.015930175781,382.821685791016
20150803,381.789825439453,382.305755615234,376.630523681641,378.178314208984
20150804,379.726104736328,384.627471923828,378.436279296875,380.5
20150805,380.5,385.659332275391,379.210174560547,384.627471923828
20150806,384.369476318359,386.949157714844,381.015930175781,381.531860351563
20150807,381.789825439453,386.949157714844,378.178314208984,384.627471923828
20150810,385.917297363281,403.974914550781,385.659332275391,402.685089111328
20150811,400.879333496094,400.879333496094,387.981018066406,388.496948242188
20150812,389.012878417969,394.946105957031,357.541015625,368.633544921875
20150813,369.665435791016,376.372528076172,366.56982421875,375.340667724609
20150814,375.340667724609,377.404418945313,371.213226318359,375.5986328125
20150817,375.082702636719,379.726104736328,372.761016845703,374.824737548828
20150818,374.566772460938,379.984069824219,373.276947021484,377.920349121094
20150819,377.662384033203,383.853546142578,377.404418945313,378.952209472656
20150820,378.694244384766,383.595581054688,378.694244384766,382.821685791016
20150821,382.047790527344,384.369476318359,375.5986328125,376.888488769531
20150824,376.75,381.75,365.5,380.5
20150825,380,386.75,375.25,377
20150826,376.75,380.5,372.75,373.25
20150827,374,378.75,371.5,375
20150828,374.25,380,374,375
20150831,373.5,377,370.5,375.25
20150901,374.5,374.5,367.5,369
20150902,369,371.5,364.25,367.5
20150903,367.25,368,361.25,361.5
20150904,361.75,364.75,360.5,363
20150908,364.75,368.5,364,368.25
20150909,367.5,372.5,366,369
20150910,368.75,374.75,366.75,374.25
20150911,374,387.5,364.5,387
20150914,387,394,386.25,393.5
20150915,392.75,395,388.75,390.5
20150916,390,391,383,386
20150917,385.25,385.5,379.25,379.75
20150918,380,382.5,376.5,377.25
20150921,376.5,385.5,375,384.5
20150922,384,384.5,377.25,380.5
20150923,379.5,384.5,379,383.25
20150924,382.75,384,379.25,381.5
20150925,381.25,389.5,381,389
20150928,388.75,392.5,383.75,386.75
20150929,387.25,389.5,385,389
20150930,389,394.5,383.5,387.75
20151001,387.75,393,385,388.75
20151002,388,391.5,384,389.25
20151005,389.25,394,388.75,393.5
20151006,392.75,399,391.75,398.25
20151007,397.5,399.75,393.75,395.75
20151008,394.75,395.75,390.5,391.25
20151009,391,394.25,381.5,382.75
20151012,381.5,385.25,380.25,380.75
20151013,381,384.75,379,384.5
20151014,384.5,386.75,378.5,379
20151015,378.75,379.5,375,375.5
20151016,375.5,378,372.5,376.75
20151019,377.25,377.5,372.5,373
20151020,372.75,377.75,372,376.75
20151021,377,381,375.5,380.75
20151022,380.25,383.5,377.5,378.25
20151023,377.75,380,375,379.75
20151026,380,385.75,378,384.5
20151027,384,387.5,379,380
