"Date","Time","Open","High","Low","Close","Up","Down"
05/23/2025,09:35,65.10,65.82,64.86,65.68,2644523,2133914
05/23/2025,09:40,65.68,66.09,65.62,65.76,1635393,2079794
05/23/2025,09:45,65.75,65.92,65.33,65.64,1136110,1520302
05/23/2025,09:50,65.65,65.68,65.03,65.22,1100238,1236507
05/23/2025,09:55,65.21,65.66,65.09,65.35,1409552,1450596
05/23/2025,10:00,65.34,65.60,65.25,65.47,823288,711229
05/23/2025,10:05,65.48,65.94,65.42,65.85,1197346,1085044
05/23/2025,10:10,65.86,66.04,65.73,65.84,1071063,1053723
05/23/2025,10:15,65.85,66.47,65.72,66.26,1314687,1274891
05/23/2025,10:20,66.25,66.37,65.90,65.92,712047,807242
05/23/2025,10:25,65.91,66.30,65.70,66.27,898900,751799
05/23/2025,10:30,66.28,66.43,65.89,65.99,637369,720166
05/23/2025,10:35,66.01,66.34,65.91,66.31,532860,589159
05/23/2025,10:40,66.32,66.39,66.14,66.25,510126,528230
05/23/2025,10:45,66.25,66.42,66.04,66.21,531423,490566
05/23/2025,10:50,66.21,66.42,66.08,66.24,608424,564707
05/23/2025,10:55,66.25,66.28,65.80,65.82,573823,767693
05/23/2025,11:00,65.82,65.91,65.66,65.69,485469,489778
05/23/2025,11:05,65.70,66.07,65.66,65.90,683751,587844
05/23/2025,11:10,65.90,65.92,65.55,65.81,435218,762660
05/23/2025,11:15,65.82,65.94,65.55,65.74,444812,490647
05/23/2025,11:20,65.74,65.98,65.44,65.85,615765,794376
05/23/2025,11:25,65.84,66.18,65.81,66.13,609586,499310
05/23/2025,11:30,66.12,66.20,66.03,66.16,438349,286027
05/23/2025,11:35,66.14,66.40,66.10,66.40,495424,417165
05/23/2025,11:40,66.39,66.61,66.22,66.26,850992,728396
05/23/2025,11:45,66.26,66.48,66.23,66.40,291693,277979
05/23/2025,11:50,66.40,66.45,66.21,66.33,293148,334374
05/23/2025,11:55,66.32,66.35,65.97,66.11,415876,628965
05/23/2025,12:00,66.11,66.14,65.91,65.93,262283,284880
05/23/2025,12:05,65.92,66.29,65.83,65.87,534303,689602
05/23/2025,12:10,65.86,66.19,65.76,66.02,539456,529680
05/23/2025,12:15,66.02,66.12,65.87,66.01,306252,345431
05/23/2025,12:20,66.01,66.11,65.91,65.98,668035,234284
05/23/2025,12:25,65.99,66.32,65.96,66.30,427796,400728
05/23/2025,12:30,66.31,66.40,66.22,66.22,268347,315790
05/23/2025,12:35,66.23,66.23,65.93,66.04,247959,286896
05/23/2025,12:40,66.04,66.39,66.04,66.35,369865,215391
05/23/2025,12:45,66.35,66.41,66.22,66.34,190617,223407
05/23/2025,12:50,66.34,66.51,66.33,66.49,367158,241612
05/23/2025,12:55,66.49,66.57,66.42,66.55,260188,233523
05/23/2025,13:00,66.54,66.59,66.31,66.38,212314,249087
05/23/2025,13:05,66.38,66.59,66.27,66.57,227784,219976
05/23/2025,13:10,66.56,66.79,66.52,66.77,435105,293352
05/23/2025,13:15,66.78,66.88,66.64,66.80,461206,400009
05/23/2025,13:20,66.79,67.15,66.77,67.08,555659,432699
05/23/2025,13:25,67.08,67.17,66.98,67.08,366828,335427
05/23/2025,13:30,67.08,67.25,67.01,67.22,359869,273196
05/23/2025,13:35,67.21,67.21,66.86,66.92,357790,459729
05/23/2025,13:40,66.91,67.08,66.86,66.97,222785,233254
05/23/2025,13:45,66.96,66.96,66.73,66.86,352719,477739
05/23/2025,13:50,66.86,66.98,66.78,66.95,178466,231612
05/23/2025,13:55,66.95,67.23,66.95,67.15,486456,349183
05/23/2025,14:00,67.16,67.19,66.88,67.05,261730,295173
05/23/2025,14:05,67.06,67.29,66.99,67.13,334191,285086
05/23/2025,14:10,67.14,67.34,67.12,67.26,360064,295121
05/23/2025,14:15,67.26,67.26,67.08,67.23,249456,249201
05/23/2025,14:20,67.21,67.34,66.90,66.96,563116,743838
05/23/2025,14:25,66.95,66.98,66.61,66.98,969392,1022675
05/23/2025,14:30,66.97,67.11,66.78,66.91,434239,410891
05/23/2025,14:35,66.90,67.08,66.88,67.00,269051,247111
05/23/2025,14:40,67.01,67.19,66.99,67.00,270482,321462
05/23/2025,14:45,67.01,67.08,66.91,66.98,156966,188599
05/23/2025,14:50,66.98,67.02,66.73,66.98,393295,317070
05/23/2025,14:55,66.97,67.08,66.90,67.01,228138,167802
05/23/2025,15:00,67.01,67.07,66.84,66.91,207507,252486
05/23/2025,15:05,66.91,66.91,66.64,66.67,251964,366755
05/23/2025,15:10,66.67,67.04,66.63,66.99,412579,311678
05/23/2025,15:15,67.00,67.20,66.97,67.10,355937,326483
05/23/2025,15:20,67.09,67.10,66.79,66.82,230802,329329
05/23/2025,15:25,66.83,66.84,66.48,66.69,382915,525740
05/23/2025,15:30,66.68,66.71,66.42,66.67,404350,491425
05/23/2025,15:35,66.66,66.87,66.59,66.85,354204,344646
05/23/2025,15:40,66.86,66.97,66.73,66.97,308319,311747
05/23/2025,15:45,66.96,67.05,66.82,66.93,465712,392660
05/23/2025,15:50,66.93,66.97,66.59,66.67,386017,479132
05/23/2025,15:55,66.68,66.80,66.15,66.34,982327,1116115
05/23/2025,16:00,66.34,66.55,66.13,66.31,1145229,1000405
05/27/2025,09:35,68.98,69.24,68.67,68.77,1200469,1646584
05/27/2025,09:40,68.77,68.79,68.39,68.69,1117530,1207599
05/27/2025,09:45,68.68,68.88,68.58,68.84,922238,904511
05/27/2025,09:50,68.84,69.19,68.80,69.05,881211,655458
05/27/2025,09:55,69.06,69.22,68.92,69.13,583618,616445
05/27/2025,10:00,69.13,69.36,69.13,69.33,916404,597822
05/27/2025,10:05,69.35,69.78,69.33,69.70,1159629,856327
05/27/2025,10:10,69.69,69.87,69.67,69.85,611100,470436
05/27/2025,10:15,69.85,70.01,69.80,69.84,1218435,660061
05/27/2025,10:20,69.85,70.09,69.83,70.07,516567,404908
05/27/2025,10:25,70.07,70.10,69.96,70.05,357901,440876
05/27/2025,10:30,70.05,70.16,69.99,70.03,473413,583441
05/27/2025,10:35,70.04,70.18,70.02,70.11,389721,370859
05/27/2025,10:40,70.11,70.14,69.92,70.12,447519,459475
05/27/2025,10:45,70.11,70.16,70.00,70.05,226454,272887
05/27/2025,10:50,70.05,70.21,70.01,70.06,349432,240468
05/27/2025,10:55,70.06,70.17,70.02,70.05,230739,234437
05/27/2025,11:00,70.05,70.09,69.84,69.90,259473,428468
05/27/2025,11:05,69.90,70.04,69.87,70.02,303242,235797
05/27/2025,11:10,70.02,70.08,69.91,70.02,203448,228403
05/27/2025,11:15,70.02,70.13,69.98,70.12,220493,174297
05/27/2025,11:20,70.11,70.18,70.06,70.14,195818,171474
05/27/2025,11:25,70.16,70.20,70.00,70.19,280320,281128
05/27/2025,11:30,70.20,70.32,70.16,70.22,502312,362736
05/27/2025,11:35,70.22,70.26,70.13,70.22,226011,200160
05/27/2025,11:40,70.22,70.26,70.13,70.16,127132,141450
05/27/2025,11:45,70.16,70.23,70.02,70.18,222743,167134
05/27/2025,11:50,70.18,70.27,70.14,70.25,144917,152307
05/27/2025,11:55,70.25,70.36,70.20,70.33,400881,225881
05/27/2025,12:00,70.34,70.37,70.22,70.32,196123,202595
05/27/2025,12:05,70.32,70.44,70.28,70.41,324163,301592
05/27/2025,12:10,70.41,70.48,70.34,70.39,252838,231974
05/27/2025,12:15,70.39,70.47,70.37,70.45,182977,141361
05/27/2025,12:20,70.45,70.49,70.42,70.43,217585,219433
05/27/2025,12:25,70.43,70.55,70.42,70.54,314175,241540
05/27/2025,12:30,70.54,70.54,70.41,70.42,116022,231181
05/27/2025,12:35,70.42,70.51,70.41,70.46,185805,119655
05/27/2025,12:40,70.45,70.81,70.44,70.78,617111,472963
05/27/2025,12:45,70.78,70.87,70.71,70.74,404912,337746
05/27/2025,12:50,70.74,70.77,70.61,70.67,260140,308600
05/27/2025,12:55,70.67,70.73,70.64,70.68,142625,241005
05/27/2025,13:00,70.68,70.71,70.59,70.60,191962,161003
05/27/2025,13:05,70.60,70.78,70.60,70.75,278149,216270
05/27/2025,13:10,70.75,70.79,70.71,70.72,87760,135197
05/27/2025,13:15,70.72,70.80,70.67,70.76,228150,157208
05/27/2025,13:20,70.76,70.89,70.74,70.87,239432,173246
05/27/2025,13:25,70.87,70.95,70.83,70.89,278631,251759
05/27/2025,13:30,70.89,70.91,70.78,70.84,202518,191460
05/27/2025,13:35,70.83,70.84,70.73,70.78,153666,173542
05/27/2025,13:40,70.79,70.84,70.75,70.79,82420,204742
05/27/2025,13:45,70.78,70.90,70.74,70.87,194855,153135
05/27/2025,13:50,70.88,70.98,70.83,70.97,195927,149722
05/27/2025,13:55,70.98,71.00,70.90,70.95,362719,189133
05/27/2025,14:00,70.96,71.07,70.95,71.04,263754,203902
05/27/2025,14:05,71.03,71.15,70.97,71.00,378341,282074
05/27/2025,14:10,71.00,71.07,70.95,71.01,179926,129674
05/27/2025,14:15,71.02,71.06,70.96,71.05,159458,176903
05/27/2025,14:20,71.05,71.08,70.93,70.95,174861,203333
05/27/2025,14:25,70.94,70.94,70.80,70.93,396187,284512
05/27/2025,14:30,70.93,70.98,70.87,70.90,421492,260066
05/27/2025,14:35,70.90,70.96,70.85,70.90,178034,236691
05/27/2025,14:40,70.90,70.93,70.84,70.88,129244,122226
05/27/2025,14:45,70.88,70.88,70.73,70.79,290431,455385
05/27/2025,14:50,70.78,70.87,70.78,70.84,179339,221984
05/27/2025,14:55,70.84,70.88,70.77,70.80,118269,164978
05/27/2025,15:00,70.80,70.83,70.70,70.72,176813,178286
05/27/2025,15:05,70.71,70.73,70.61,70.65,335732,466959
05/27/2025,15:10,70.63,70.77,70.63,70.72,235440,175811
05/27/2025,15:15,70.72,70.73,70.59,70.63,124107,194501
05/27/2025,15:20,70.63,70.70,70.59,70.69,207546,177322
05/27/2025,15:25,70.70,70.78,70.60,70.73,206435,184021
05/27/2025,15:30,70.72,70.73,70.64,70.65,126291,123413
05/27/2025,15:35,70.66,70.66,70.44,70.61,323986,289689
05/27/2025,15:40,70.61,70.63,70.48,70.60,196689,236205
05/27/2025,15:45,70.61,70.74,70.57,70.68,301611,292652
05/27/2025,15:50,70.67,70.68,70.52,70.55,209931,265216
05/27/2025,15:55,70.54,70.83,70.51,70.78,933534,829979
05/27/2025,16:00,70.79,70.97,70.74,70.94,1143262,1066336
05/28/2025,09:35,71.34,71.56,71.21,71.54,1122019,626048
05/28/2025,09:40,71.55,71.87,71.42,71.86,945389,813585
05/28/2025,09:45,71.86,71.94,71.68,71.72,611775,693814
05/28/2025,09:50,71.72,71.75,71.09,71.12,657027,813050
05/28/2025,09:55,71.13,71.35,70.97,71.21,886937,881550
05/28/2025,10:00,71.21,71.22,70.82,70.96,548675,730750
05/28/2025,10:05,70.96,71.16,70.92,71.08,518485,434485
05/28/2025,10:10,71.08,71.14,70.92,70.98,402031,427280
05/28/2025,10:15,70.97,71.09,70.86,71.01,481590,468920
05/28/2025,10:20,71.01,71.09,70.84,70.94,445346,401036
05/28/2025,10:25,70.94,71.02,70.69,70.96,516433,518311
05/28/2025,10:30,70.96,71.01,70.76,70.85,277860,300073
05/28/2025,10:35,70.85,70.91,70.70,70.84,301082,301544
05/28/2025,10:40,70.84,70.87,70.62,70.71,407092,453888
05/28/2025,10:45,70.72,70.92,70.68,70.77,407138,315995
05/28/2025,10:50,70.76,70.87,70.66,70.84,227099,219782
05/28/2025,10:55,70.85,70.87,70.66,70.69,242169,312712
05/28/2025,11:00,70.68,70.76,70.56,70.63,259324,417728
05/28/2025,11:05,70.62,70.98,70.57,70.96,488502,280758
05/28/2025,11:10,70.96,70.97,70.78,70.88,193900,276992
05/28/2025,11:15,70.87,70.88,70.67,70.67,270320,241603
05/28/2025,11:20,70.68,70.94,70.68,70.94,243362,288762
05/28/2025,11:25,70.94,71.06,70.89,70.95,321886,286027
05/28/2025,11:30,70.95,70.97,70.81,70.88,278622,257188
05/28/2025,11:35,70.87,70.97,70.80,70.82,220692,287778
05/28/2025,11:40,70.82,70.86,70.71,70.83,285865,282428
05/28/2025,11:45,70.83,70.92,70.76,70.80,298318,252845
05/28/2025,11:50,70.81,70.85,70.77,70.79,120823,128032
05/28/2025,11:55,70.79,70.93,70.78,70.85,180558,161038
05/28/2025,12:00,70.86,70.89,70.64,70.66,184759,305966
05/28/2025,12:05,70.67,70.93,70.66,70.92,333372,224679
05/28/2025,12:10,70.91,71.04,70.90,71.01,216196,171200
05/28/2025,12:15,71.00,71.01,70.89,70.97,159738,156043
05/28/2025,12:20,70.97,71.05,70.94,71.01,199568,174709
05/28/2025,12:25,71.01,71.05,70.89,70.92,139259,213852
05/28/2025,12:30,70.91,71.01,70.91,70.98,104413,77587
05/28/2025,12:35,70.98,71.04,70.93,70.95,89175,106130
05/28/2025,12:40,70.95,71.10,70.94,71.05,232714,211305
05/28/2025,12:45,71.04,71.06,70.96,70.98,72649,124247
05/28/2025,12:50,70.99,71.04,70.92,71.00,129736,106806
05/28/2025,12:55,70.99,71.03,70.82,70.86,129876,265750
05/28/2025,13:00,70.87,70.99,70.85,70.95,123162,78448
05/28/2025,13:05,70.93,71.08,70.89,71.06,313248,219968
05/28/2025,13:10,71.05,71.12,71.02,71.04,231620,230156
05/28/2025,13:15,71.05,71.16,71.04,71.04,193587,189983
05/28/2025,13:20,71.04,71.18,71.03,71.16,171880,167267
05/28/2025,13:25,71.16,71.19,71.06,71.10,255675,197901
05/28/2025,13:30,71.10,71.11,70.96,71.07,246534,235915
05/28/2025,13:35,71.06,71.09,70.97,71.00,103087,130703
05/28/2025,13:40,70.99,71.04,70.92,70.95,129609,285162
05/28/2025,13:45,70.94,70.98,70.86,70.93,177538,190401
05/28/2025,13:50,70.94,71.03,70.91,71.01,192819,109699
05/28/2025,13:55,71.00,71.01,70.94,70.99,54752,83293
05/28/2025,14:00,70.99,71.08,70.96,70.99,164044,158217
05/28/2025,14:05,71.00,71.20,70.98,71.17,330703,214674
05/28/2025,14:10,71.16,71.19,71.04,71.16,223604,185289
05/28/2025,14:15,71.17,71.31,71.16,71.24,514157,325709
05/28/2025,14:20,71.24,71.25,71.05,71.06,171256,259092
05/28/2025,14:25,71.06,71.14,71.00,71.13,201472,217582
05/28/2025,14:30,71.13,71.17,71.06,71.10,150876,148157
05/28/2025,14:35,71.09,71.18,71.08,71.12,156298,195145
05/28/2025,14:40,71.11,71.20,71.10,71.17,116103,113962
05/28/2025,14:45,71.17,71.22,71.13,71.15,140604,164830
05/28/2025,14:50,71.15,71.18,71.06,71.07,150861,145199
05/28/2025,14:55,71.08,71.11,70.31,70.62,1059259,1353321
05/28/2025,15:00,70.62,71.04,70.56,70.98,325660,360629
05/28/2025,15:05,70.97,71.15,70.89,71.15,263212,217790
05/28/2025,15:10,71.15,71.42,71.10,71.33,489272,311462
05/28/2025,15:15,71.33,71.41,70.90,71.13,597473,620877
05/28/2025,15:20,71.12,71.20,70.84,70.97,385508,387808
05/28/2025,15:25,70.96,71.03,70.87,70.90,196600,237567
05/28/2025,15:30,70.91,70.96,70.79,70.87,211955,230759
05/28/2025,15:35,70.86,70.91,70.74,70.83,299790,333726
05/28/2025,15:40,70.83,70.84,70.51,70.54,356575,473782
05/28/2025,15:45,70.54,70.62,70.36,70.48,503063,591706
05/28/2025,15:50,70.49,70.65,70.37,70.47,413935,450724
05/28/2025,15:55,70.47,70.48,69.78,70.01,1093105,1282154
05/28/2025,16:00,70.00,70.18,69.81,70.02,775080,856225
05/29/2025,09:35,73.00,73.06,72.07,72.37,1623832,1816201
05/29/2025,09:40,72.37,72.40,71.86,71.89,1093693,1514115
05/29/2025,09:45,71.88,72.06,71.50,71.53,956158,1186427
05/29/2025,09:50,71.54,71.65,71.16,71.20,1015208,1137157
05/29/2025,09:55,71.19,71.78,71.13,71.72,1347467,1192136
05/29/2025,10:00,71.73,71.85,71.29,71.47,792084,869818
05/29/2025,10:05,71.46,71.62,71.18,71.18,623599,759005
05/29/2025,10:10,71.17,71.17,70.38,70.45,1318909,1814418
05/29/2025,10:15,70.46,70.69,70.26,70.66,1015406,875822
05/29/2025,10:20,70.65,70.78,70.16,70.36,912719,1018576
05/29/2025,10:25,70.36,70.50,70.11,70.38,632521,598541
05/29/2025,10:30,70.37,70.91,70.36,70.86,799603,645870
05/29/2025,10:35,70.85,71.02,70.61,70.63,859411,723340
05/29/2025,10:40,70.62,71.04,70.60,70.92,454496,432479
05/29/2025,10:45,70.92,70.92,70.64,70.85,388471,409332
05/29/2025,10:50,70.85,71.12,70.79,71.07,501593,409012
05/29/2025,10:55,71.07,71.36,70.97,71.26,559631,509791
05/29/2025,11:00,71.27,71.50,71.22,71.44,542475,476985
05/29/2025,11:05,71.44,71.47,71.06,71.22,523864,649822
05/29/2025,11:10,71.20,71.32,71.03,71.13,353772,419150
05/29/2025,11:15,71.12,71.35,70.89,70.91,418019,541394
05/29/2025,11:20,70.90,71.08,70.88,70.89,312778,318340
05/29/2025,11:25,70.89,71.15,70.86,71.12,302642,318601
05/29/2025,11:30,71.11,71.38,71.11,71.30,374553,275088
05/29/2025,11:35,71.29,71.33,70.55,70.72,547669,929522
05/29/2025,11:40,70.72,70.88,70.62,70.68,385440,463445
05/29/2025,11:45,70.67,70.83,70.60,70.72,254994,276712
05/29/2025,11:50,70.72,70.82,70.52,70.53,308620,424577
05/29/2025,11:55,70.54,70.88,70.51,70.72,340619,335369
05/29/2025,12:00,70.71,70.73,69.57,69.80,1047318,1391019
05/29/2025,12:05,69.79,69.94,69.33,69.83,1100700,1051985
05/29/2025,12:10,69.83,70.03,69.81,69.98,483030,492907
05/29/2025,12:15,69.98,70.38,69.95,70.37,714756,530783
05/29/2025,12:20,70.36,70.58,70.36,70.52,402978,348859
05/29/2025,12:25,70.52,70.62,70.36,70.52,319319,312451
05/29/2025,12:30,70.52,70.66,70.44,70.56,309646,238767
05/29/2025,12:35,70.56,70.74,70.53,70.65,240750,208340
05/29/2025,12:40,70.64,70.83,70.58,70.69,338562,338145
05/29/2025,12:45,70.68,70.84,70.66,70.78,254608,229124
05/29/2025,12:50,70.78,70.85,70.62,70.62,191385,217764
05/29/2025,12:55,70.62,70.74,70.55,70.73,247073,285578
05/29/2025,13:00,70.72,71.00,70.63,70.85,358329,438567
05/29/2025,13:05,70.83,71.10,70.81,70.84,450588,357534
05/29/2025,13:10,70.83,70.90,70.69,70.78,289680,274569
05/29/2025,13:15,70.77,70.88,70.73,70.77,206955,178934
05/29/2025,13:20,70.77,70.80,70.48,70.60,334912,495576
05/29/2025,13:25,70.60,70.80,70.53,70.60,312542,318546
05/29/2025,13:30,70.59,70.62,70.38,70.45,268997,365318
05/29/2025,13:35,70.45,70.65,70.40,70.49,267046,304791
05/29/2025,13:40,70.48,70.62,70.30,70.41,287505,351936
05/29/2025,13:45,70.42,70.64,70.34,70.37,270977,303740
05/29/2025,13:50,70.38,70.47,70.05,70.08,387236,483018
05/29/2025,13:55,70.08,70.32,70.07,70.20,297749,325954
05/29/2025,14:00,70.20,70.20,69.99,70.02,351846,389616
05/29/2025,14:05,70.02,70.19,70.00,70.16,258095,228335
05/29/2025,14:10,70.15,70.35,70.12,70.23,327012,303283
05/29/2025,14:15,70.23,70.34,70.10,70.24,273404,224015
05/29/2025,14:20,70.25,70.30,69.77,69.80,347319,475903
05/29/2025,14:25,69.80,69.83,69.54,69.63,425272,607342
05/29/2025,14:30,69.64,69.80,69.50,69.63,457027,512378
05/29/2025,14:35,69.63,69.97,69.62,69.94,391220,338688
05/29/2025,14:40,69.95,70.12,69.93,70.10,343627,405520
05/29/2025,14:45,70.10,70.18,70.00,70.09,315434,206257
05/29/2025,14:50,70.10,70.24,70.02,70.04,343728,286047
05/29/2025,14:55,70.04,70.24,70.04,70.17,293305,247414
05/29/2025,15:00,70.16,70.28,69.79,69.93,506890,548890
05/29/2025,15:05,69.93,70.18,69.88,70.12,294244,272234
05/29/2025,15:10,70.13,70.14,69.75,69.87,617317,693667
05/29/2025,15:15,69.88,69.94,69.72,69.77,222690,273616
05/29/2025,15:20,69.76,70.08,69.70,70.04,329773,223522
05/29/2025,15:25,70.04,70.34,70.03,70.27,369814,287424
05/29/2025,15:30,70.26,70.37,69.98,70.00,347775,470608
05/29/2025,15:35,70.02,70.17,70.01,70.11,354421,274111
05/29/2025,15:40,70.10,70.15,70.02,70.05,251031,218975
05/29/2025,15:45,70.06,70.26,70.06,70.15,252139,278621
05/29/2025,15:50,70.15,70.52,70.12,70.41,643576,568648
05/29/2025,15:55,70.41,70.74,70.03,70.20,1276726,1276180
05/29/2025,16:00,70.21,70.47,70.17,70.40,993116,1180605
05/30/2025,09:35,70.13,70.20,69.59,69.74,785187,959881
05/30/2025,09:40,69.73,69.80,69.34,69.48,523474,642538
05/30/2025,09:45,69.49,69.64,69.27,69.31,440890,463184
05/30/2025,09:50,69.31,69.57,69.19,69.21,660020,698160
05/30/2025,09:55,69.20,69.22,68.67,69.04,745941,910746
05/30/2025,10:00,69.04,69.07,68.83,68.91,408164,444799
05/30/2025,10:05,68.90,69.55,68.88,69.53,872956,769926
05/30/2025,10:10,69.54,69.84,69.52,69.77,691571,558131
05/30/2025,10:15,69.76,70.13,69.66,69.99,687686,570727
05/30/2025,10:20,70.00,70.08,69.86,70.07,378062,340387
05/30/2025,10:25,70.07,70.18,69.92,70.01,366178,329759
05/30/2025,10:30,70.01,70.22,69.92,70.15,369695,316705
05/30/2025,10:35,70.15,70.20,69.95,70.03,286052,301784
05/30/2025,10:40,70.04,70.29,69.90,70.26,479289,476619
05/30/2025,10:45,70.25,70.26,69.99,70.01,376085,446896
05/30/2025,10:50,70.02,70.15,69.87,70.10,349614,307739
05/30/2025,10:55,70.10,70.11,69.79,69.93,325229,344547
05/30/2025,11:00,69.93,70.18,69.77,69.86,341358,392495
05/30/2025,11:05,69.86,70.02,69.82,69.87,181835,193116
05/30/2025,11:10,69.88,70.05,69.78,69.92,237906,274627
05/30/2025,11:15,69.92,69.94,69.66,69.77,302833,313551
05/30/2025,11:20,69.78,69.83,69.49,69.55,267860,338707
05/30/2025,11:25,69.54,69.84,69.53,69.79,304744,249420
05/30/2025,11:30,69.79,70.08,69.68,69.99,349872,262933
05/30/2025,11:35,69.97,70.09,69.41,69.57,531807,552625
05/30/2025,11:40,69.57,69.66,69.37,69.48,322932,366529
05/30/2025,11:45,69.47,69.53,69.20,69.34,302256,428087
05/30/2025,11:50,69.33,69.59,69.23,69.57,389206,285290
05/30/2025,11:55,69.57,69.67,69.47,69.62,253183,292481
05/30/2025,12:00,69.63,69.78,69.53,69.54,279649,281814
05/30/2025,12:05,69.56,69.58,69.27,69.34,233855,306724
05/30/2025,12:10,69.33,69.66,69.29,69.65,269187,241596
05/30/2025,12:15,69.65,69.67,69.45,69.55,214974,229185
05/30/2025,12:20,69.55,69.59,69.01,69.12,360663,469969
05/30/2025,12:25,69.12,69.19,68.77,68.88,414531,747344
05/30/2025,12:30,68.88,68.94,67.93,68.08,1001488,1339303
05/30/2025,12:35,68.09,68.12,67.15,67.52,1248606,1483180
05/30/2025,12:40,67.53,67.92,67.27,67.84,1068641,1030790
05/30/2025,12:45,67.84,67.99,67.58,67.68,862818,814545
05/30/2025,12:50,67.68,67.76,67.41,67.55,469315,525543
05/30/2025,12:55,67.55,67.55,67.04,67.15,545585,654253
05/30/2025,13:00,67.15,67.44,67.12,67.43,479319,480084
05/30/2025,13:05,67.43,67.72,67.26,67.71,658087,652544
05/30/2025,13:10,67.71,68.23,67.68,68.16,983748,670371
05/30/2025,13:15,68.17,68.17,67.94,67.97,521161,512839
05/30/2025,13:20,67.97,68.09,67.84,68.05,442077,415401
05/30/2025,13:25,68.05,68.15,67.74,68.00,557793,481160
05/30/2025,13:30,67.99,68.09,67.82,68.08,347855,299660
05/30/2025,13:35,68.08,68.21,68.00,68.12,408208,311711
05/30/2025,13:40,68.13,68.39,68.12,68.29,482516,375463
05/30/2025,13:45,68.30,68.36,68.10,68.12,285874,347149
05/30/2025,13:50,68.11,68.28,67.96,68.22,418050,395257
05/30/2025,13:55,68.22,68.46,68.22,68.39,337897,293631
05/30/2025,14:00,68.40,68.42,68.07,68.10,243287,308712
05/30/2025,14:05,68.10,68.40,68.09,68.34,389364,278973
05/30/2025,14:10,68.33,68.68,68.23,68.63,526473,459024
05/30/2025,14:15,68.62,68.76,68.61,68.69,387556,331534
05/30/2025,14:20,68.69,69.18,68.61,69.13,963348,799370
05/30/2025,14:25,69.12,69.20,68.97,69.13,675793,538378
05/30/2025,14:30,69.15,69.30,69.09,69.13,488440,385438
05/30/2025,14:35,69.13,69.26,68.97,68.97,350934,402154
05/30/2025,14:40,68.96,69.23,68.94,69.17,335250,266877
05/30/2025,14:45,69.18,69.21,68.95,69.00,267133,258157
05/30/2025,14:50,69.01,69.20,68.98,69.16,280428,235748
05/30/2025,14:55,69.17,69.38,69.13,69.30,329631,330321
05/30/2025,15:00,69.30,69.39,69.12,69.33,287470,323961
05/30/2025,15:05,69.32,69.69,69.29,69.64,558361,390101
05/30/2025,15:10,69.64,69.89,69.62,69.65,736459,584402
05/30/2025,15:15,69.63,69.80,69.55,69.72,505469,554102
05/30/2025,15:20,69.73,70.07,69.71,69.97,656989,498108
05/30/2025,15:25,69.97,70.09,69.80,70.04,437011,371162
05/30/2025,15:30,70.05,70.27,70.04,70.18,619126,483227
05/30/2025,15:35,70.18,70.20,69.83,70.02,515062,547598
05/30/2025,15:40,70.03,70.36,70.00,70.06,589353,489387
05/30/2025,15:45,70.07,70.14,69.78,69.96,597267,628811
05/30/2025,15:50,69.95,70.16,69.75,70.13,687435,512145
05/30/2025,15:55,70.13,70.43,69.79,69.96,1395628,1171521
05/30/2025,16:00,69.97,70.60,69.93,70.00,1696557,1301527
06/02/2025,09:35,69.20,70.45,69.20,70.38,1169643,881050
06/02/2025,09:40,70.38,70.88,70.29,70.86,1079455,882507
06/02/2025,09:45,70.85,70.86,70.37,70.53,734735,716171
06/02/2025,09:50,70.53,70.63,70.03,70.12,734366,853602
06/02/2025,09:55,70.11,70.13,69.41,69.61,757692,916387
06/02/2025,10:00,69.61,69.82,69.32,69.44,680227,740547
06/02/2025,10:05,69.41,69.49,68.69,69.14,1113131,1167248
06/02/2025,10:10,69.14,69.62,68.97,69.51,783018,770280
06/02/2025,10:15,69.51,69.58,69.15,69.44,654327,647141
06/02/2025,10:20,69.44,69.71,69.37,69.45,527147,539776
06/02/2025,10:25,69.45,70.00,69.36,69.83,708169,674063
06/02/2025,10:30,69.85,70.16,69.83,70.11,458281,445183
06/02/2025,10:35,70.10,70.43,70.01,70.36,553305,515509
06/02/2025,10:40,70.37,70.49,69.88,69.94,748281,684110
06/02/2025,10:45,69.95,70.12,69.81,69.99,376368,329412
06/02/2025,10:50,69.98,70.15,69.90,70.04,300296,244004
06/02/2025,10:55,70.04,70.20,69.93,69.93,321454,340653
06/02/2025,11:00,69.94,70.35,69.89,70.28,365743,301135
06/02/2025,11:05,70.27,70.47,70.02,70.14,439781,540361
06/02/2025,11:10,70.13,70.26,69.93,69.97,406740,417566
06/02/2025,11:15,69.97,70.38,69.88,70.29,393380,294371
06/02/2025,11:20,70.29,70.32,70.05,70.13,226135,237756
06/02/2025,11:25,70.14,70.28,70.07,70.18,240497,228897
06/02/2025,11:30,70.19,70.25,69.92,70.03,306545,352776
06/02/2025,11:35,70.04,70.12,69.89,69.91,250647,298327
06/02/2025,11:40,69.91,70.16,69.89,70.05,286736,235432
06/02/2025,11:45,70.06,70.32,70.02,70.28,268855,241843
06/02/2025,11:50,70.28,70.44,70.23,70.38,380177,239398
06/02/2025,11:55,70.37,70.72,70.35,70.68,522041,447370
06/02/2025,12:00,70.68,70.74,70.55,70.64,364750,293535
06/02/2025,12:05,70.64,70.68,70.40,70.52,387914,375403
06/02/2025,12:10,70.52,70.62,70.45,70.61,209613,176369
06/02/2025,12:15,70.60,70.68,70.55,70.62,182206,200148
06/02/2025,12:20,70.63,70.68,70.49,70.64,234450,208279
06/02/2025,12:25,70.64,70.72,70.58,70.67,198210,146623
06/02/2025,12:30,70.68,70.68,70.40,70.53,378605,337527
06/02/2025,12:35,70.51,70.64,70.50,70.63,150529,143362
06/02/2025,12:40,70.62,70.68,70.45,70.62,167571,168718
06/02/2025,12:45,70.61,70.66,70.33,70.38,180063,259393
06/02/2025,12:50,70.36,70.59,70.36,70.47,146267,139864
06/02/2025,12:55,70.45,70.84,70.42,70.82,473555,225687
06/02/2025,13:00,70.83,70.84,70.73,70.76,155422,146189
06/02/2025,13:05,70.77,71.02,70.74,70.89,637236,398483
06/02/2025,13:10,70.89,71.02,70.86,71.01,327837,178762
06/02/2025,13:15,71.01,71.03,70.81,70.82,199023,221248
06/02/2025,13:20,70.82,70.94,70.79,70.89,259636,220621
06/02/2025,13:25,70.88,70.89,70.72,70.85,177246,250150
06/02/2025,13:30,70.84,70.92,70.72,70.78,183356,228243
06/02/2025,13:35,70.78,70.92,70.74,70.80,212609,147079
06/02/2025,13:40,70.80,70.86,70.71,70.84,124640,101770
06/02/2025,13:45,70.83,70.83,70.68,70.73,144666,164259
06/02/2025,13:50,70.73,70.76,70.63,70.65,154844,191744
06/02/2025,13:55,70.64,70.68,70.56,70.64,277685,271740
06/02/2025,14:00,70.64,70.82,70.60,70.77,281559,185068
06/02/2025,14:05,70.76,70.90,70.70,70.77,280680,321665
06/02/2025,14:10,70.77,70.89,70.59,70.70,303791,344666
06/02/2025,14:15,70.70,70.97,70.68,70.92,326179,163003
06/02/2025,14:20,70.92,71.26,70.92,71.14,543258,402490
06/02/2025,14:25,71.14,71.41,71.09,71.28,450340,357805
06/02/2025,14:30,71.29,71.40,71.27,71.38,235234,203193
06/02/2025,14:35,71.37,71.45,71.26,71.29,336786,427271
06/02/2025,14:40,71.28,71.37,71.21,71.30,196240,238638
06/02/2025,14:45,71.30,71.39,71.21,71.35,291410,205890
06/02/2025,14:50,71.35,71.39,71.31,71.32,131267,120463
06/02/2025,14:55,71.32,71.46,71.26,71.42,341406,254338
06/02/2025,15:00,71.41,71.54,71.38,71.47,310961,240151
06/02/2025,15:05,71.46,71.57,71.46,71.52,236754,223683
06/02/2025,15:10,71.53,71.58,71.42,71.48,229255,226699
06/02/2025,15:15,71.49,71.55,71.44,71.47,152235,175990
06/02/2025,15:20,71.46,71.49,71.39,71.42,242978,244433
06/02/2025,15:25,71.42,71.72,71.36,71.67,507549,359384
06/02/2025,15:30,71.66,71.67,71.57,71.61,281457,310258
06/02/2025,15:35,71.61,71.61,71.42,71.45,306061,337387
06/02/2025,15:40,71.45,71.51,71.38,71.42,233429,299091
06/02/2025,15:45,71.41,71.49,71.33,71.40,340765,346881
06/02/2025,15:50,71.39,71.50,71.36,71.45,227416,238985
06/02/2025,15:55,71.45,71.62,71.25,71.35,739955,820570
06/02/2025,16:00,71.35,71.67,71.31,71.62,1014522,771575
06/03/2025,09:35,71.75,72.25,71.45,71.62,1305603,1020593
06/03/2025,09:40,71.61,71.71,71.40,71.54,499444,589608
06/03/2025,09:45,71.54,72.10,71.49,71.95,735686,613838
06/03/2025,09:50,71.94,72.29,71.90,72.10,684524,524981
06/03/2025,09:55,72.10,72.27,71.89,72.21,507035,572813
06/03/2025,10:00,72.20,72.36,72.10,72.20,510048,410372
06/03/2025,10:05,72.22,72.68,72.22,72.47,1123035,815832
06/03/2025,10:10,72.46,72.60,71.89,72.21,891509,874268
06/03/2025,10:15,72.20,72.42,72.05,72.36,511430,495555
06/03/2025,10:20,72.35,72.57,72.31,72.49,430545,336872
06/03/2025,10:25,72.49,72.59,72.32,72.36,258318,274734
06/03/2025,10:30,72.36,72.53,72.28,72.52,341532,313096
06/03/2025,10:35,72.50,72.51,72.23,72.27,277355,325248
06/03/2025,10:40,72.26,72.46,72.14,72.42,476252,402195
06/03/2025,10:45,72.42,72.45,72.33,72.41,270557,299676
06/03/2025,10:50,72.42,72.64,72.40,72.60,419289,303480
06/03/2025,10:55,72.60,72.77,72.55,72.71,433710,436805
06/03/2025,11:00,72.71,72.91,72.68,72.90,522101,403878
06/03/2025,11:05,72.90,73.04,72.89,72.95,798245,495213
06/03/2025,11:10,72.95,73.05,72.81,72.88,479105,437232
06/03/2025,11:15,72.89,72.96,72.83,72.92,306321,268199
06/03/2025,11:20,72.91,73.04,72.84,73.01,278926,220394
06/03/2025,11:25,73.01,73.15,73.00,73.08,380190,317875
06/03/2025,11:30,73.07,73.11,72.96,73.00,227214,218942
06/03/2025,11:35,73.00,73.03,72.92,72.95,265065,230846
06/03/2025,11:40,72.95,73.07,72.90,73.00,222027,194487
06/03/2025,11:45,72.99,73.13,72.95,73.08,347951,205201
06/03/2025,11:50,73.07,73.13,72.94,72.94,184852,247833
06/03/2025,11:55,72.94,73.06,72.85,73.02,409417,396323
06/03/2025,12:00,73.03,73.17,73.02,73.13,228234,174611
06/03/2025,12:05,73.13,73.19,73.09,73.14,189569,226285
06/03/2025,12:10,73.13,73.22,73.05,73.09,240272,260946
06/03/2025,12:15,73.09,73.20,73.07,73.19,109426,150325
06/03/2025,12:20,73.19,73.42,73.18,73.40,417951,260449
06/03/2025,12:25,73.40,73.40,73.22,73.32,358708,375455
06/03/2025,12:30,73.32,73.38,73.27,73.38,130214,137055
06/03/2025,12:35,73.39,73.57,73.36,73.56,561547,336825
06/03/2025,12:40,73.56,73.74,73.56,73.66,406473,357224
06/03/2025,12:45,73.66,73.68,73.56,73.64,254463,386093
06/03/2025,12:50,73.64,73.69,73.59,73.67,165857,198417
06/03/2025,12:55,73.68,73.76,73.66,73.69,259747,217617
06/03/2025,13:00,73.68,73.74,73.64,73.67,186930,152061
06/03/2025,13:05,73.67,73.68,73.60,73.66,158633,136263
06/03/2025,13:10,73.66,73.70,73.61,73.65,146807,130975
06/03/2025,13:15,73.65,73.72,73.65,73.69,141185,88916
06/03/2025,13:20,73.69,73.82,73.68,73.75,285027,181596
06/03/2025,13:25,73.75,73.88,73.73,73.79,243256,198691
06/03/2025,13:30,73.79,73.82,73.69,73.73,193070,264815
06/03/2025,13:35,73.72,73.75,73.63,73.66,307179,271034
06/03/2025,13:40,73.66,73.76,73.63,73.74,179745,141907
06/03/2025,13:45,73.73,73.77,73.55,73.63,318693,290348
06/03/2025,13:50,73.63,73.70,73.56,73.58,142745,144223
06/03/2025,13:55,73.57,73.67,73.48,73.65,406614,385056
06/03/2025,14:00,73.64,73.69,73.44,73.46,165023,311541
06/03/2025,14:05,73.47,73.50,72.93,73.19,687739,862383
06/03/2025,14:10,73.19,73.23,72.97,73.07,394650,508908
06/03/2025,14:15,73.06,73.07,72.66,72.83,651229,732604
06/03/2025,14:20,72.82,72.96,72.71,72.94,397585,370895
06/03/2025,14:25,72.94,73.16,72.94,73.11,376308,371754
06/03/2025,14:30,73.11,73.31,73.05,73.29,348434,328538
06/03/2025,14:35,73.29,73.38,73.28,73.33,317895,266319
06/03/2025,14:40,73.34,73.34,73.19,73.27,282260,303975
06/03/2025,14:45,73.28,73.38,73.23,73.38,170870,158340
06/03/2025,14:50,73.37,73.40,73.30,73.34,166381,209854
06/03/2025,14:55,73.33,73.37,73.21,73.31,161015,161541
06/03/2025,15:00,73.30,73.43,73.27,73.41,220563,174294
06/03/2025,15:05,73.41,73.49,73.33,73.35,287916,332388
06/03/2025,15:10,73.36,73.41,73.31,73.40,194322,170802
06/03/2025,15:15,73.40,73.41,73.22,73.30,281146,328600
06/03/2025,15:20,73.30,73.42,73.27,73.39,228910,201396
06/03/2025,15:25,73.38,73.41,73.29,73.37,162131,151787
06/03/2025,15:30,73.37,73.46,73.27,73.43,275657,203589
06/03/2025,15:35,73.42,73.45,73.32,73.35,173683,177128
06/03/2025,15:40,73.35,73.41,73.32,73.34,145414,166754
06/03/2025,15:45,73.34,73.37,73.12,73.17,345840,487233
06/03/2025,15:50,73.17,73.26,72.94,73.05,464616,516809
06/03/2025,15:55,73.04,73.38,72.95,73.28,770375,669929
06/03/2025,16:00,73.28,73.53,73.19,73.34,855495,780025
06/04/2025,09:35,73.58,73.89,73.50,73.87,1079246,657884
06/04/2025,09:40,73.88,74.22,73.81,74.12,1084297,757085
06/04/2025,09:45,74.12,74.26,73.85,73.92,695054,723828
06/04/2025,09:50,73.90,74.18,73.87,74.08,546727,559728
06/04/2025,09:55,74.09,74.09,73.66,73.74,572578,768786
06/04/2025,10:00,73.74,73.88,73.69,73.83,418249,374326
06/04/2025,10:05,73.74,73.79,73.21,73.24,1117511,1385859
06/04/2025,10:10,73.25,73.34,72.71,73.14,1124808,1109712
06/04/2025,10:15,73.16,73.53,73.16,73.42,912873,754910
06/04/2025,10:20,73.42,73.64,73.28,73.57,617427,596938
06/04/2025,10:25,73.58,73.70,73.34,73.43,428601,443491
06/04/2025,10:30,73.43,73.77,73.42,73.76,529106,434804
06/04/2025,10:35,73.76,73.84,73.65,73.78,495894,444974
06/04/2025,10:40,73.78,73.90,73.53,73.64,452146,474376
06/04/2025,10:45,73.63,73.71,73.43,73.57,421565,389781
06/04/2025,10:50,73.57,73.71,73.37,73.63,341476,394261
06/04/2025,10:55,73.62,73.67,73.45,73.66,288992,229667
06/04/2025,11:00,73.66,73.95,73.62,73.93,481672,393692
06/04/2025,11:05,73.93,74.05,73.87,74.01,429572,330735
06/04/2025,11:10,74.01,74.12,73.96,74.09,380853,247812
06/04/2025,11:15,74.09,74.16,74.00,74.04,365450,401667
06/04/2025,11:20,74.04,74.11,73.93,74.01,265983,362868
06/04/2025,11:25,74.02,74.07,73.88,74.02,279878,344277
06/04/2025,11:30,74.03,74.05,73.85,73.86,222479,282919
06/04/2025,11:35,73.86,73.95,73.75,73.85,370958,440029
06/04/2025,11:40,73.85,74.02,73.79,73.95,238506,232193
06/04/2025,11:45,73.95,74.06,73.62,73.72,538855,667971
06/04/2025,11:50,73.71,73.94,73.68,73.79,384016,330683
06/04/2025,11:55,73.79,73.98,73.79,73.91,197660,194820
06/04/2025,12:00,73.91,73.94,73.78,73.85,206928,232910
06/04/2025,12:05,73.85,73.87,73.68,73.70,230593,236476
06/04/2025,12:10,73.71,73.77,73.60,73.65,300131,233485
06/04/2025,12:15,73.66,73.69,73.36,73.41,228891,379937
06/04/2025,12:20,73.41,73.72,73.39,73.70,346150,296936
06/04/2025,12:25,73.70,73.71,73.55,73.62,195716,197194
06/04/2025,12:30,73.62,73.69,73.51,73.51,157513,195783
06/04/2025,12:35,73.51,73.66,73.44,73.50,186065,223743
06/04/2025,12:40,73.50,73.56,73.43,73.53,166235,141735
06/04/2025,12:45,73.53,73.65,73.52,73.65,191670,168512
06/04/2025,12:50,73.64,73.81,73.62,73.80,229742,211643
06/04/2025,12:55,73.80,73.83,73.73,73.80,195335,153166
06/04/2025,13:00,73.80,73.87,73.75,73.84,197580,151826
06/04/2025,13:05,73.85,73.98,73.84,73.97,280179,268519
06/04/2025,13:10,73.97,74.03,73.96,74.02,285353,150598
06/04/2025,13:15,74.01,74.07,73.96,74.04,274211,382775
06/04/2025,13:20,74.04,74.08,73.97,74.02,167899,125920
06/04/2025,13:25,74.01,74.09,74.01,74.02,218301,202896
06/04/2025,13:30,74.01,74.13,74.01,74.06,208079,176967
06/04/2025,13:35,74.05,74.07,73.96,74.05,257874,263336
06/04/2025,13:40,74.04,74.14,73.97,73.98,246361,249190
06/04/2025,13:45,73.98,74.05,73.86,74.04,409853,375819
06/04/2025,13:50,74.04,74.10,74.02,74.09,260005,209797
06/04/2025,13:55,74.09,74.14,74.06,74.12,146437,105918
06/04/2025,14:00,74.11,74.22,74.11,74.17,294208,305271
06/04/2025,14:05,74.17,74.28,74.16,74.20,293144,215193
06/04/2025,14:10,74.21,74.30,74.11,74.14,281621,304768
06/04/2025,14:15,74.14,74.23,74.09,74.18,219809,194323
06/04/2025,14:20,74.18,74.21,74.14,74.18,140149,120930
06/04/2025,14:25,74.19,74.29,74.18,74.19,253051,173421
06/04/2025,14:30,74.19,74.27,74.08,74.26,282695,162764
06/04/2025,14:35,74.27,74.32,74.16,74.21,300286,282223
06/04/2025,14:40,74.21,74.29,74.16,74.26,137458,171192
06/04/2025,14:45,74.26,74.31,74.23,74.29,165550,119264
06/04/2025,14:50,74.30,74.31,74.14,74.18,204826,189406
06/04/2025,14:55,74.17,74.21,74.03,74.20,372578,371937
06/04/2025,15:00,74.20,74.21,74.09,74.15,128165,172389
06/04/2025,15:05,74.14,74.29,74.11,74.23,248619,223846
06/04/2025,15:10,74.24,74.24,74.07,74.08,152272,199222
06/04/2025,15:15,74.08,74.26,74.07,74.24,190932,157305
06/04/2025,15:20,74.23,74.25,74.11,74.16,191956,222972
06/04/2025,15:25,74.17,74.23,74.13,74.18,237145,195334
06/04/2025,15:30,74.18,74.20,74.10,74.15,117653,116534
06/04/2025,15:35,74.15,74.23,74.09,74.10,268970,232074
06/04/2025,15:40,74.10,74.15,74.06,74.08,195585,212303
06/04/2025,15:45,74.07,74.15,73.94,74.10,567246,577800
06/04/2025,15:50,74.10,74.19,73.98,74.03,332603,246661
06/04/2025,15:55,74.02,74.04,73.77,73.88,780269,808088
06/04/2025,16:00,73.89,74.06,73.79,73.87,857164,740756
06/05/2025,09:35,74.44,74.74,73.95,74.35,1267867,1252266
06/05/2025,09:40,74.35,74.39,73.73,73.80,674747,818882
06/05/2025,09:45,73.81,74.28,73.68,74.12,671336,665074
06/05/2025,09:50,74.12,74.13,73.24,73.68,866890,1314437
06/05/2025,09:55,73.68,73.87,73.45,73.81,575334,641277
06/05/2025,10:00,73.82,73.90,73.37,73.55,512985,760312
06/05/2025,10:05,73.55,73.83,73.52,73.72,488896,411764
06/05/2025,10:10,73.72,73.95,73.37,73.37,522830,564038
06/05/2025,10:15,73.37,73.70,73.35,73.56,421579,347905
06/05/2025,10:20,73.55,73.66,73.45,73.57,174240,204356
06/05/2025,10:25,73.58,74.08,73.56,74.07,642397,449926
06/05/2025,10:30,74.06,74.36,74.06,74.34,548725,422827
06/05/2025,10:35,74.33,74.36,73.70,73.75,549679,628511
06/05/2025,10:40,73.74,74.41,73.37,74.24,1463286,1215740
06/05/2025,10:45,74.25,74.99,73.90,74.64,1345583,1141354
06/05/2025,10:50,74.64,75.11,74.37,74.45,1169648,1007110
06/05/2025,10:55,74.44,74.70,74.38,74.69,560084,470992
06/05/2025,11:00,74.69,75.01,74.64,74.92,445650,358453
06/05/2025,11:05,74.92,75.04,74.89,74.94,402191,289986
06/05/2025,11:10,74.95,74.98,74.78,74.95,316110,322253
06/05/2025,11:15,74.96,75.07,74.93,75.05,300160,238176
06/05/2025,11:20,75.05,75.51,75.03,75.43,920048,630314
06/05/2025,11:25,75.44,75.54,75.40,75.48,403893,367464
06/05/2025,11:30,75.49,75.59,75.38,75.55,474002,502657
06/05/2025,11:35,75.54,75.58,75.44,75.46,306139,337043
06/05/2025,11:40,75.46,75.52,75.38,75.48,288093,287709
06/05/2025,11:45,75.48,75.63,75.43,75.53,499929,343700
06/05/2025,11:50,75.53,75.53,75.31,75.44,314738,456621
06/05/2025,11:55,75.43,75.56,75.35,75.44,283552,291610
06/05/2025,12:00,75.44,75.65,75.39,75.55,332496,262341
06/05/2025,12:05,75.55,75.57,75.42,75.51,216232,206898
06/05/2025,12:10,75.52,75.53,75.17,75.25,255108,465994
06/05/2025,12:15,75.24,75.29,74.97,75.01,296868,370920
06/05/2025,12:20,75.00,75.01,74.46,74.78,668518,797656
06/05/2025,12:25,74.78,74.99,74.74,74.83,352953,377187
06/05/2025,12:30,74.83,75.04,74.75,74.96,354157,336634
06/05/2025,12:35,74.95,75.01,74.77,74.82,189205,201687
06/05/2025,12:40,74.82,74.85,74.46,74.54,191355,388504
06/05/2025,12:45,74.54,74.60,74.34,74.35,249462,317460
06/05/2025,12:50,74.34,74.34,73.39,73.55,916253,1317279
06/05/2025,12:55,73.56,73.75,73.02,73.52,1104527,1093092
06/05/2025,13:00,73.52,73.59,73.17,73.19,396052,525227
06/05/2025,13:05,73.19,73.40,72.91,73.29,603613,741864
06/05/2025,13:10,73.29,73.71,73.20,73.65,529451,544771
06/05/2025,13:15,73.64,73.91,73.60,73.90,540020,434172
06/05/2025,13:20,73.89,74.07,73.89,73.93,430065,410405
06/05/2025,13:25,73.92,74.13,73.89,74.06,340312,366596
06/05/2025,13:30,74.05,74.18,73.97,74.05,307298,228686
06/05/2025,13:35,74.05,74.21,74.03,74.12,218325,198611
06/05/2025,13:40,74.11,74.20,74.07,74.15,161811,154152
06/05/2025,13:45,74.13,74.21,74.04,74.13,215335,221686
06/05/2025,13:50,74.12,74.14,73.94,73.99,220359,282073
06/05/2025,13:55,73.99,74.05,73.87,73.92,311863,257112
06/05/2025,14:00,73.93,73.94,73.53,73.60,357193,468851
06/05/2025,14:05,73.61,73.71,73.28,73.36,290559,357217
06/05/2025,14:10,73.36,73.38,73.16,73.31,288047,370643
06/05/2025,14:15,73.30,73.33,73.10,73.16,292513,358612
06/05/2025,14:20,73.15,73.15,72.38,72.98,778864,1227147
06/05/2025,14:25,72.99,73.38,72.95,73.36,549098,430366
06/05/2025,14:30,73.36,73.44,73.29,73.38,325938,354431
06/05/2025,14:35,73.38,73.50,73.29,73.49,290719,237335
06/05/2025,14:40,73.49,73.70,73.25,73.52,479297,537966
06/05/2025,14:45,73.52,73.54,73.09,73.39,271846,335484
06/05/2025,14:50,73.38,73.56,73.30,73.35,187559,211585
06/05/2025,14:55,73.35,73.45,73.26,73.33,225101,175178
06/05/2025,15:00,73.32,73.51,73.10,73.15,204872,249743
06/05/2025,15:05,73.16,73.27,72.96,73.03,214446,217246
06/05/2025,15:10,73.03,73.13,72.89,73.01,223608,283687
06/05/2025,15:15,73.00,73.15,72.39,72.45,508857,655464
06/05/2025,15:20,72.45,72.61,71.30,71.68,1227615,1552879
06/05/2025,15:25,71.67,71.84,71.33,71.47,1348776,1258087
06/05/2025,15:30,71.46,72.16,71.38,72.02,1202934,927164
06/05/2025,15:35,72.03,72.44,72.01,72.38,779345,684450
06/05/2025,15:40,72.39,73.04,72.36,72.91,952802,695834
06/05/2025,15:45,72.91,72.98,72.40,72.56,515556,602103
06/05/2025,15:50,72.56,72.83,72.54,72.78,584717,513939
06/05/2025,15:55,72.79,72.96,72.10,72.14,832151,1117266
06/05/2025,16:00,72.13,72.36,71.91,72.13,1068061,1038931
06/06/2025,09:35,74.27,74.50,73.98,74.07,1107132,1601839
06/06/2025,09:40,74.08,74.62,74.02,74.47,1053549,912910
06/06/2025,09:45,74.46,74.83,74.44,74.71,1040681,842921
06/06/2025,09:50,74.71,74.94,74.69,74.88,761505,767229
06/06/2025,09:55,74.89,74.93,74.67,74.68,517270,515450
06/06/2025,10:00,74.69,74.73,74.34,74.70,886898,866272
06/06/2025,10:05,74.70,74.81,74.42,74.50,653813,602468
06/06/2025,10:10,74.50,74.74,74.49,74.71,364822,354802
06/06/2025,10:15,74.70,74.75,74.40,74.66,418288,387538
06/06/2025,10:20,74.67,74.74,74.47,74.50,302162,321174
06/06/2025,10:25,74.49,74.64,74.36,74.60,357979,383890
06/06/2025,10:30,74.59,74.64,74.00,74.16,657854,790422
06/06/2025,10:35,74.15,74.30,73.96,74.26,633109,546044
06/06/2025,10:40,74.25,74.51,74.24,74.49,444947,335756
06/06/2025,10:45,74.49,74.67,74.46,74.59,356801,319411
06/06/2025,10:50,74.59,74.68,74.46,74.67,297860,240547
06/06/2025,10:55,74.66,74.73,74.58,74.61,224838,202688
06/06/2025,11:00,74.61,74.66,74.44,74.52,223016,260735
06/06/2025,11:05,74.51,74.68,74.49,74.67,185022,164700
06/06/2025,11:10,74.66,74.98,74.61,74.81,921792,794453
06/06/2025,11:15,74.80,74.82,74.58,74.73,195613,317270
06/06/2025,11:20,74.72,74.74,73.87,74.02,461736,688424
06/06/2025,11:25,74.02,74.22,73.69,74.17,683325,808622
06/06/2025,11:30,74.17,74.29,74.07,74.23,269330,372729
06/06/2025,11:35,74.21,74.35,74.05,74.16,301709,354667
06/06/2025,11:40,74.17,74.25,74.03,74.24,154193,235257
06/06/2025,11:45,74.23,74.36,74.19,74.30,219809,194911
06/06/2025,11:50,74.31,74.47,74.28,74.46,229963,198289
06/06/2025,11:55,74.45,74.59,74.44,74.52,233449,225510
06/06/2025,12:00,74.51,74.56,74.23,74.38,230867,307125
06/06/2025,12:05,74.38,74.47,74.34,74.40,156339,174189
06/06/2025,12:10,74.40,74.47,74.36,74.46,124219,139883
06/06/2025,12:15,74.45,74.65,74.41,74.56,269174,183777
06/06/2025,12:20,74.55,74.56,74.36,74.40,188229,238982
06/06/2025,12:25,74.40,74.46,74.19,74.23,146021,244809
06/06/2025,12:30,74.23,74.28,74.12,74.22,156008,145949
06/06/2025,12:35,74.21,74.31,74.17,74.23,178434,200220
06/06/2025,12:40,74.24,74.25,74.07,74.11,176995,209994
06/06/2025,12:45,74.10,74.24,73.80,73.93,259838,427585
06/06/2025,12:50,73.92,74.08,73.84,74.05,199183,207640
06/06/2025,12:55,74.05,74.08,73.76,73.84,166804,258400
06/06/2025,13:00,73.83,73.89,73.54,73.88,408548,480359
06/06/2025,13:05,73.87,73.97,73.83,73.87,257442,261081
06/06/2025,13:10,73.87,73.91,73.69,73.81,205074,284777
06/06/2025,13:15,73.83,73.98,73.71,73.96,196116,125900
06/06/2025,13:20,73.96,74.18,73.89,74.18,305841,188420
06/06/2025,13:25,74.18,74.35,74.17,74.28,418016,304869
06/06/2025,13:30,74.28,74.29,74.15,74.20,191570,187543
06/06/2025,13:35,74.20,74.37,74.20,74.33,250677,232066
06/06/2025,13:40,74.33,74.41,74.26,74.38,222989,189166
06/06/2025,13:45,74.39,74.46,74.32,74.45,233500,172084
06/06/2025,13:50,74.44,74.50,74.42,74.46,196349,138156
06/06/2025,13:55,74.46,74.51,74.41,74.46,193318,170109
06/06/2025,14:00,74.47,74.57,74.46,74.53,189745,117238
06/06/2025,14:05,74.53,74.80,74.53,74.76,590899,309447
06/06/2025,14:10,74.77,74.84,74.71,74.83,231136,253782
06/06/2025,14:15,74.82,74.83,74.75,74.80,141792,146518
06/06/2025,14:20,74.80,74.92,74.80,74.90,265743,160190
06/06/2025,14:25,74.90,74.95,74.77,74.83,306421,256724
06/06/2025,14:30,74.83,74.84,74.68,74.74,221067,208280
06/06/2025,14:35,74.74,75.01,74.73,74.93,894813,582291
06/06/2025,14:40,74.93,74.97,74.77,74.80,187160,233067
06/06/2025,14:45,74.81,74.84,74.66,74.72,229011,274618
06/06/2025,14:50,74.71,74.74,74.62,74.68,180186,205545
06/06/2025,14:55,74.67,74.77,74.58,74.76,228588,200888
06/06/2025,15:00,74.76,74.82,74.66,74.66,133622,144532
06/06/2025,15:05,74.66,74.78,74.62,74.69,168797,189963
06/06/2025,15:10,74.68,74.77,74.60,74.61,202944,141310
06/06/2025,15:15,74.60,74.69,74.54,74.60,214269,164091
06/06/2025,15:20,74.58,74.60,74.46,74.48,169356,191316
06/06/2025,15:25,74.48,74.48,74.29,74.37,289024,294754
06/06/2025,15:30,74.36,74.56,74.35,74.39,290592,314259
06/06/2025,15:35,74.40,74.46,74.29,74.35,243426,291280
06/06/2025,15:40,74.34,74.46,74.29,74.32,144423,168564
06/06/2025,15:45,74.32,74.40,74.23,74.40,214717,197225
06/06/2025,15:50,74.39,74.49,74.23,74.29,320710,345920
06/06/2025,15:55,74.31,74.58,74.29,74.51,748479,758692
06/06/2025,16:00,74.50,74.51,74.16,74.19,547810,574302
