"Date","Time","Open","High","Low","Close","Up","Down"
04/25/2025,11:15,52.04,52.87,51.48,52.60,18514501,18410332
04/25/2025,13:30,52.60,54.07,52.10,54.02,13104262,12672032
04/25/2025,15:45,54.01,54.04,52.60,53.45,13337820,14608596
04/25/2025,16:00,53.45,53.99,53.29,53.87,2919305,2503463
04/28/2025,11:15,53.96,54.64,52.80,53.13,16579411,16912267
04/28/2025,13:30,53.14,53.14,51.64,51.76,11477376,12479800
04/28/2025,15:45,51.77,53.83,51.69,53.76,11377850,10277227
04/28/2025,16:00,53.76,54.27,53.75,53.83,2464185,2441551
04/29/2025,11:15,53.21,54.57,52.64,54.12,14693233,14883857
04/29/2025,13:30,54.12,54.49,53.40,54.11,9480089,10267121
04/29/2025,15:45,54.11,55.17,54.08,54.72,10130281,10058471
04/29/2025,16:00,54.71,55.12,54.63,54.83,2164465,1965052
04/30/2025,11:15,51.86,52.84,50.32,52.71,22829530,23308176
04/30/2025,13:30,52.71,53.39,52.26,53.26,14733040,14542956
04/30/2025,15:45,53.25,54.30,53.17,53.92,12881344,12377817
04/30/2025,16:00,53.93,55.42,53.92,55.08,4938254,4200656
05/01/2025,11:15,57.43,58.64,56.70,58.62,18670575,17343855
05/01/2025,13:30,58.63,58.89,57.08,57.83,12478227,13646350
05/01/2025,15:45,57.83,58.23,57.34,57.67,8688480,8321228
05/01/2025,16:00,57.66,57.99,56.63,56.73,2464206,2859705
05/02/2025,11:15,58.70,59.40,58.03,59.32,18087281,17476181
05/02/2025,13:30,59.31,60.11,58.91,59.64,13025442,12188128
05/02/2025,15:45,59.63,60.19,59.37,59.59,9037250,9021859
05/02/2025,16:00,59.60,59.69,59.15,59.43,2319977,2729737
05/05/2025,11:15,57.84,58.86,57.70,58.67,14052428,13833515
05/05/2025,13:30,58.67,59.12,58.41,58.99,7283343,6398737
05/05/2025,15:45,58.98,59.50,58.70,58.79,6938721,7635063
05/05/2025,16:00,58.78,58.79,58.21,58.38,2029677,2120080
05/06/2025,11:15,56.44,57.28,55.57,57.05,14968272,14443228
05/06/2025,13:30,57.06,58.04,56.61,56.81,10144343,10788837
05/06/2025,15:45,56.81,57.55,56.41,57.48,7150241,7075225
05/06/2025,16:00,57.49,57.58,56.71,56.74,1662709,1875322
05/07/2025,11:15,57.26,57.64,56.03,56.14,13721759,14446526
05/07/2025,13:30,56.14,57.16,56.02,56.96,8454345,8653625
05/07/2025,15:45,56.95,58.26,55.09,57.68,19076866,19170237
05/07/2025,16:00,57.67,58.07,56.45,57.43,3552445,3453745
05/08/2025,11:15,59.31,59.38,57.66,58.57,14901971,16137767
05/08/2025,13:30,58.56,60.71,58.51,60.39,16762555,15102552
05/08/2025,15:45,60.40,60.65,59.84,60.00,7787622,7817511
05/08/2025,16:00,60.01,60.01,59.03,59.12,2203125,2765760
05/09/2025,11:15,59.84,60.27,58.33,59.17,14429320,15614165
05/09/2025,13:30,59.17,59.33,58.34,58.73,8461556,8971755
05/09/2025,15:45,58.72,59.42,58.58,59.20,6503732,6680634
05/09/2025,16:00,59.20,59.28,58.94,59.00,1381022,1435793
05/12/2025,11:15,65.83,66.02,63.85,64.74,20283124,19563239
05/12/2025,13:30,64.73,65.99,64.43,65.68,10047020,8863737
05/12/2025,15:45,65.68,66.06,65.33,65.44,6739070,6708438
05/12/2025,16:00,65.46,66.16,65.32,66.12,3263261,2435978
05/13/2025,11:15,66.71,69.09,66.36,68.93,16926949,16289938
05/13/2025,13:30,68.93,69.79,68.93,69.59,9032386,8676490
05/13/2025,15:45,69.59,69.86,69.18,69.65,7647107,7792196
05/13/2025,16:00,69.65,69.70,69.02,69.16,2124755,2225287
05/14/2025,11:15,69.71,70.50,69.21,69.90,15459179,16239618
05/14/2025,13:30,69.91,70.61,69.27,69.60,8398067,8782135
05/14/2025,15:45,69.60,70.42,69.55,69.87,6478133,6279423
05/14/2025,16:00,69.87,70.47,69.73,70.37,2559157,2628637
05/15/2025,11:15,69.35,70.22,68.93,70.16,11966204,11807538
05/15/2025,13:30,70.15,71.69,70.13,71.59,10043055,9518366
05/15/2025,15:45,71.59,71.60,69.46,70.06,9881283,10418051
05/15/2025,16:00,70.07,70.60,69.95,70.59,2447408,2313565
05/16/2025,11:15,70.85,71.47,69.65,70.41,10976101,12221194
05/16/2025,13:30,70.41,71.08,70.20,71.01,6853203,5992283
05/16/2025,15:45,71.02,71.47,70.78,71.10,6533510,5943581
05/16/2025,16:00,71.11,71.52,71.04,71.45,2186038,1960752
05/19/2025,11:15,68.56,71.05,67.99,70.62,14448628,14362590
05/19/2025,13:30,70.62,71.86,70.39,71.63,7829690,6771916
05/19/2025,15:45,71.63,71.84,70.86,71.05,5782408,6185448
05/19/2025,16:00,71.03,71.74,71.02,71.62,2069230,1708074
05/20/2025,11:15,70.81,71.03,69.99,70.60,9460218,10215761
05/20/2025,13:30,70.60,71.17,70.35,70.96,6381449,5370665
05/20/2025,15:45,70.97,70.99,69.40,70.34,10270531,11629632
05/20/2025,16:00,70.36,70.92,70.25,70.88,2609037,2155098
05/21/2025,11:15,69.59,71.63,69.10,71.58,12898323,11641693
05/21/2025,13:30,71.59,71.99,68.42,68.49,11528163,13624528
05/21/2025,15:45,68.49,69.73,67.18,68.42,20324195,20759949
05/21/2025,16:00,68.42,68.63,67.92,67.92,2885252,2907153
05/22/2025,11:15,68.37,69.68,67.62,68.72,16216071,15745390
05/22/2025,13:30,68.72,69.63,68.41,69.06,9889821,10269644
05/22/2025,15:45,69.07,69.75,68.88,69.02,8275404,7432357
05/22/2025,16:00,69.02,69.30,68.11,68.28,2554629,3117949
05/23/2025,11:15,64.64,66.47,64.23,65.74,20286295,20939535
05/23/2025,13:30,65.74,67.25,65.44,67.22,11071857,10171562
05/23/2025,15:45,67.21,67.34,66.42,66.93,9462625,9948495
05/23/2025,16:00,66.93,66.97,66.13,66.31,2513573,2595652
05/27/2025,11:15,69.15,70.21,68.39,70.12,13063273,12120018
05/27/2025,13:30,70.11,70.95,70.00,70.84,6821212,6038058
05/27/2025,15:45,70.83,71.15,70.44,70.68,6093573,5930861
05/27/2025,16:00,70.67,70.97,70.51,70.94,2286727,2161531
05/28/2025,11:15,71.39,71.94,70.56,70.67,10465770,10189532
05/28/2025,13:30,70.68,71.19,70.64,71.07,5477287,5402010
05/28/2025,15:45,71.06,71.42,70.31,70.48,7666150,8046541
05/28/2025,16:00,70.49,70.65,69.78,70.02,2282120,2589103
05/29/2025,11:15,72.72,73.18,70.11,70.91,17342509,18611299
05/29/2025,13:30,70.90,71.38,69.33,70.45,10699443,11416420
05/29/2025,15:45,70.45,70.65,69.50,70.15,9183896,9535905
05/29/2025,16:00,70.15,70.74,70.03,70.40,2913418,3025433
05/30/2025,11:15,69.70,70.29,68.67,69.77,10287143,10425968
05/30/2025,13:30,69.78,70.09,67.04,68.08,13681212,14412377
05/30/2025,15:45,68.08,70.36,67.96,69.96,12672749,11188756
05/30/2025,16:00,69.95,70.60,69.75,70.00,3779620,2985193
06/02/2025,11:15,69.18,70.88,68.69,70.29,13535072,13174066
06/02/2025,13:30,70.29,71.03,69.89,70.78,7495122,6600403
06/02/2025,15:45,70.78,71.72,70.56,71.40,7474038,6865039
06/02/2025,16:00,71.39,71.67,71.25,71.62,1981893,1831130
06/03/2025,11:15,71.66,73.05,71.40,72.92,12043206,10411899
06/03/2025,13:30,72.91,73.88,72.84,73.73,6993011,6266520
06/03/2025,15:45,73.72,73.77,72.66,73.17,7789947,8213191
06/03/2025,16:00,73.17,73.53,72.94,73.34,2090486,1966763
06/04/2025,11:15,73.42,74.26,72.71,74.04,13108732,12241109
06/04/2025,13:30,74.04,74.13,73.36,74.06,6764906,6986781
06/04/2025,15:45,74.05,74.32,73.86,74.10,6564448,6124531
06/04/2025,16:00,74.10,74.19,73.77,73.87,1970036,1795505
06/05/2025,11:15,74.33,75.11,73.24,75.05,14191200,14038795
06/05/2025,13:30,75.05,75.65,72.91,74.05,11764339,12604491
06/05/2025,15:45,74.05,74.21,71.30,72.56,12643238,13305106
06/05/2025,16:00,72.56,72.96,71.91,72.13,2484929,2670136
06/06/2025,11:15,73.91,74.98,73.77,74.73,12223773,12101987
06/06/2025,13:30,74.72,74.74,73.54,74.20,6788232,7649911
06/06/2025,15:45,74.20,75.01,74.20,74.40,6834564,5947463
06/06/2025,16:00,74.39,74.58,74.16,74.19,1616999,1678914
